298,571,312,571,313,575,320,575,320,591,317,591,310,600,303,618,303,623,310,638,323,655,356,671,357,695,337,696,323,691,300,671,288,651,283,636,283,598,290,583
336,556,350,556,356,563,358,571,358,590,351,601,336,616,337,623,355,645,353,670,331,670,321,665,307,650,301,633,301,601,306,580,316,570
306,591,306,586,303,585,303,570,316,553,327,546,346,546,348,550,348,570,328,581,320,591
351,86,383,86,400,91,406,96,413,108,417,126,418,161,421,178,425,361,428,396,428,483,422,506,406,520,358,518,342,500,338,486,335,443,333,398,328,355,328,303,326,281,323,200,323,135,327,111,332,101,341,91
376,530,397,531,402,538,403,545,408,673,406,690,401,698,397,700,382,700,376,696,370,685,367,671,363,556,367,536,371,531
377,710,417,710,425,713,436,726,441,745,443,768,443,805,451,970,451,1048,445,1068,436,1080,427,1085,381,1083,370,1073,361,1050,358,933,356,913,356,883,352,830,352,751,358,726,367,715
422,593,437,593,440,601,441,630,438,640,435,645,422,645,420,641,418,598
418,570,426,563,445,563,463,581,465,606,460,610,448,610,426,598,418,590
413,541,436,540,460,551,466,558,465,580,453,580,441,575,433,575,427,568,415,561
415,538,436,538,460,550,483,571,492,586,495,595,496,630,491,653,471,678,461,686,442,696,423,695,425,671,433,661,440,660,462,643,471,630,473,616,467,600,453,580,440,575,432,575,426,568,413,561,412,540
415,538,436,538,460,550,467,560,475,563,483,571,492,586,495,595,496,630,491,653,471,678,461,686,442,696,423,695,425,671,433,661,440,660,462,643,471,630,473,616,467,600,453,580,440,575,432,575,426,568,413,561,412,540
