229,46,223,55,217,70,217,85,220,90,223,103,226,108,238,109,249,98,251,88,251,84,253,82,253,72,250,71,250,56,249,51,241,46
210,68,208,62,205,61,182,63,179,65,174,66,170,72,170,80,172,82,172,86,195,87,199,85,206,85,208,84,210,80
211,68,208,62,195,61,182,63,179,65,174,66,170,72,150,75,148,77,145,83,145,95,171,95,177,87,196,88,200,86,206,86,209,85,211,80
160,98,161,118,164,118,169,120,192,120,205,119,209,116,212,110,212,95,205,90,191,88,164,88,163,93
119,107,119,120,123,127,126,129,150,129,161,127,164,124,167,118,167,107,166,105,166,98,123,98,121,101
101,323,101,334,104,337,112,339,120,339,125,336,127,333,127,324,124,320,107,319
188,335,182,328,150,329,142,335,142,351,146,358,149,360,182,358,185,356,188,350
187,373,187,382,192,385,199,386,212,390,220,390,222,388,222,380,218,375,200,371,188,371
196,427,196,437,199,441,204,442,205,444,218,445,228,448,237,447,238,445,237,433,234,429,232,429,226,425,216,423,198,424
398,475,396,471,373,473,350,486,350,496,356,500,372,499,380,494,384,494,388,491,390,491,391,490,396,490,398,485
