291,0,291,5,293,6,295,10,297,10,299,12,300,17,305,20,309,24,312,25,324,25,329,20,332,11,337,7,338,0
581,39,577,35,577,34,571,30,563,28,526,28,520,30,515,33,325,33,321,34,311,34,310,35,305,37,299,42,295,49,295,81,301,86,303,86,313,91,336,92,450,93,496,92,527,90,535,88,545,80,549,80,555,79,566,78,566,77,572,74,580,64,581,61
539,37,530,37,526,34,505,33,456,33,426,34,326,34,323,35,313,35,312,37,307,38,300,43,297,50,297,80,303,85,305,85,315,90,338,92,449,92,495,92,526,90,534,87,544,80,544,62,541,61,541,56,539,54
190,144,188,148,188,163,190,170,204,179,229,179,245,180,265,180,270,179,280,173,288,166,288,146,280,140,270,135,253,135,245,133,220,134,217,135,212,135,200,138
276,147,276,166,280,175,282,175,285,179,295,184,304,184,308,186,331,187,350,183,396,183,399,182,410,173,412,170,413,153,410,148,406,146,405,142,395,139,379,137,342,137,332,138,311,138,300,140,295,140,284,145,277,146
391,199,387,192,382,190,380,188,378,188,375,187,375,185,370,183,350,180,308,179,299,180,296,181,280,182,270,183,262,183,248,181,189,181,183,183,173,185,166,187,160,193,157,198,157,221,158,224,164,229,165,233,168,233,172,235,180,236,189,239,227,239,229,238,275,237,295,235,352,236,377,232,386,228,391,223
357,255,354,251,351,245,349,244,345,239,338,235,329,232,300,232,290,235,278,236,271,237,257,238,255,239,192,239,184,241,176,241,170,245,160,248,156,252,155,278,159,283,174,290,180,292,286,291,332,288,349,283,354,280,357,272
301,323,295,323,285,317,281,317,276,315,266,314,223,315,190,318,185,320,177,322,173,325,170,334,170,350,172,352,173,355,177,357,185,359,188,360,199,362,263,362,276,361,281,360,292,355,298,354,299,334,301,334
451,316,446,318,440,324,438,329,439,348,443,356,450,364,471,364,473,364,475,360,476,357,480,356,482,351,485,336,484,326,482,324,482,322,480,322,478,319,475,318,474,317
285,323,285,333,282,334,282,341,280,343,280,355,285,360,298,367,323,368,347,366,410,366,425,361,435,352,436,335,435,329,431,325,428,324,424,320,415,318,380,317,319,317,306,318,301,319,295,322,290,323
161,365,162,372,167,375,198,375,203,374,205,372,204,364,198,361,168,361,163,363
