511,184,508,180,502,178,399,180,395,181,391,185,391,196,394,198,398,200,435,200,443,201,445,203,456,203,458,201,485,200,500,200,510,196
612,178,577,176,570,175,546,175,538,177,534,181,533,202,536,208,534,209,534,211,532,212,532,228,530,233,530,260,531,263,543,271,543,274,566,274,567,272,577,272,595,266,598,263,598,261,600,259,600,256,604,251,603,214,600,209,600,207,602,205,605,205,614,203,618,199,618,185,616,181
227,190,227,201,231,204,236,206,261,206,268,202,270,202,270,188,264,185,255,183,236,184,230,187
360,190,358,188,350,186,333,185,292,186,287,187,261,188,261,203,273,205,317,205,321,203,333,205,347,205,355,203,360,200
433,218,433,224,429,225,429,228,420,228,418,231,414,231,410,233,410,239,404,243,404,257,405,261,409,263,401,265,402,282,406,285,406,287,412,287,415,288,415,296,430,296,434,294,435,300,462,300,464,296,471,296,471,291,475,290,475,285,477,283,486,283,488,281,488,266,491,265,491,259,499,258,500,256,500,243,494,238,494,237,485,236,485,227,482,226,482,224,480,222,464,222,463,223,461,223,460,218
70,259,70,267,73,271,73,276,80,278,102,280,152,279,157,277,160,273,160,261,155,257,153,256,84,255,77,256,73,259
162,261,157,256,150,255,123,256,106,255,83,255,75,256,0,256,0,280,71,281,78,279,101,281,154,280,159,278,162,275
536,275,536,285,542,291,542,292,545,293,560,293,560,298,574,298,575,290,575,291,595,291,595,290,611,290,616,283,615,273,613,270,608,268,578,266,574,265,560,265,557,263,546,263,546,265,539,270
536,275,536,285,539,288,545,288,545,293,570,293,570,290,575,290,575,291,595,291,595,290,609,290,613,288,616,283,615,273,613,270,608,268,578,266,574,265,560,265,557,263,546,263,546,265,539,270
232,283,233,295,237,297,245,299,291,298,310,296,311,283,308,280,300,278,240,278,236,279
230,282,230,293,233,296,240,299,240,307,241,310,245,311,259,311,264,316,276,316,276,315,279,313,281,313,281,311,285,308,308,308,310,306,320,307,320,308,337,308,339,307,341,307,342,306,349,305,349,292,343,288,320,288,313,289,312,282,310,280,305,277,239,276,235,278
611,335,609,333,605,333,555,334,549,335,545,340,545,350,554,359,559,361,599,361,606,359,610,355
