15,51,15,62,20,67,25,68,46,68,53,66,56,63,57,53,55,50,50,46,41,45,25,45,19,46
160,60,157,56,151,55,111,56,106,60,105,69,107,73,114,77,128,78,156,75,160,71
447,171,447,179,451,181,518,182,522,180,522,173,517,170,450,170
374,174,375,183,382,185,401,185,414,187,431,187,436,185,439,183,439,175,437,173,430,170,390,170,378,171
116,178,113,175,109,173,100,173,72,177,66,181,66,191,68,193,75,196,90,196,112,193,116,189
550,180,550,189,555,193,588,193,591,192,597,188,597,181,590,177,585,176,556,176,552,178
591,181,591,188,595,192,600,194,626,195,633,188,633,181,629,178,603,178,595,179
446,184,446,190,450,193,500,193,504,191,504,183,500,181,452,180,448,181
0,183,0,205,15,205,22,201,25,195,25,190,19,185,11,183
41,378,32,387,27,396,27,411,31,422,31,453,29,456,27,462,28,478,29,479,96,479,96,465,94,461,94,442,91,436,91,420,90,416,91,408,91,391,90,386,84,380,75,376,48,376
216,448,216,458,220,463,222,464,230,465,245,465,251,464,251,460,255,458,255,451,245,445,225,444,220,445
