0,26,0,38,14,37,15,36,15,29,12,26
0,45,0,76,1,78,15,78,21,78,22,76,34,76,37,75,50,74,71,75,97,75,109,71,112,67,112,56,110,53,105,48,99,46,85,44,75,44,75,43,61,43,60,44,55,44,51,45,44,45,28,43,4,43
0,70,0,114,5,115,28,116,33,115,39,115,47,113,55,115,88,115,100,111,105,107,109,99,108,86,105,81,91,74,52,74,48,72,40,71,37,70,37,69,31,67,13,67,12,69
114,117,115,129,116,130,129,133,150,133,155,134,165,135,264,136,270,135,275,133,276,129,276,119,275,116,270,114,261,112,123,112,118,113
0,129,0,137,5,140,24,142,40,142,45,140,48,138,48,135,50,134,50,128,40,124,9,124,3,125
43,128,43,138,50,142,81,142,86,141,90,138,89,128,83,125,71,124,55,124
46,148,45,156,46,158,51,160,63,161,78,161,87,159,90,157,90,149,86,147,80,145,53,145
418,176,416,181,409,187,409,194,410,196,408,202,409,212,414,215,425,216,442,216,449,214,454,211,455,209,455,199,452,195,453,184,450,179,445,177
351,189,351,196,354,197,354,199,355,200,355,201,358,201,358,203,360,203,360,205,363,206,382,206,385,209,394,209,395,201,404,200,404,190,395,189,393,183,388,183,380,180,367,180,356,185,355,187
106,214,106,226,114,232,121,234,185,234,200,235,260,235,270,233,271,231,271,220,268,216,260,216,258,215,254,214,253,213,250,213,249,212,246,212,240,210,231,208,210,209,202,208,160,206,156,205,146,205,138,204,124,204,118,207,110,208,107,211
