251,13,252,22,261,27,280,27,281,26,285,25,287,23,292,23,294,21,294,12,290,10,264,10,256,10
580,40,580,48,581,50,585,51,610,51,615,49,618,47,618,39,610,35,588,35,582,37
445,50,445,58,449,61,455,62,491,63,496,60,498,57,497,48,495,46,491,45,453,45,450,46
442,66,442,75,447,78,475,78,491,77,500,75,524,75,529,73,529,64,523,62,500,62,493,63,489,62,480,62,475,63,445,64
625,78,621,81,621,90,625,92,629,93,639,93,639,77
442,90,442,96,444,100,454,100,457,101,457,109,494,108,498,105,497,96,490,93,490,90,486,86,479,85,457,86,445,88
346,115,341,110,339,109,333,108,318,108,309,110,278,109,274,110,267,115,267,128,272,133,278,136,304,136,334,135,342,132,346,128
261,276,261,283,263,285,268,287,320,288,326,286,353,286,355,286,359,283,358,274,355,272,350,271,323,271,305,270,272,270,265,272
540,286,540,296,545,298,570,298,577,295,578,294,578,286,575,283,572,282,545,283,542,284
275,325,275,333,280,336,323,336,329,334,330,333,329,324,322,322,289,321,279,323
