226,150,226,164,230,168,234,170,284,168,288,165,291,160,290,147,288,145,284,143,235,143,229,145
177,145,171,155,170,160,170,171,171,178,177,185,185,190,203,190,208,186,211,181,213,170,213,156,210,148,205,143,198,140,185,140
308,170,307,165,305,163,303,162,255,165,221,165,218,165,213,170,212,187,213,190,216,193,256,191,301,192,308,184
225,196,226,206,230,210,246,211,248,210,248,206,250,205,250,195,246,193,231,192,227,194
245,195,245,202,243,203,243,211,247,218,255,221,266,221,274,219,274,211,276,207,278,207,278,199,275,198,270,192,267,190,255,190
176,202,177,218,181,225,184,226,194,226,197,225,224,225,229,221,228,206,221,202,220,200,202,198,193,194,185,194,180,196
243,203,244,214,246,216,247,219,255,222,266,222,270,220,298,221,301,220,303,215,303,202,301,199,297,197,276,199,271,192,268,190,255,190,245,195,245,202
226,229,226,237,228,240,232,241,254,241,258,237,258,229,256,225,253,223,230,223
253,228,253,237,259,245,261,246,301,245,306,240,306,228,305,225,302,222,261,221,258,223,255,228
226,231,224,228,220,226,178,227,175,230,173,232,173,245,175,249,178,250,220,250,226,245
272,255,272,265,274,267,278,269,296,269,300,267,301,264,301,255,300,252,297,251,278,250,273,252
269,255,265,252,223,253,221,256,221,266,225,270,233,271,265,270,269,266
173,261,173,269,176,273,209,271,211,269,211,259,208,256,176,257,174,259
153,252,153,254,150,255,150,257,149,258,148,264,146,265,145,270,145,274,141,277,141,290,145,297,146,306,150,311,150,316,151,317,151,325,153,330,162,330,163,335,171,335,173,324,175,303,176,293,176,278,175,274,173,265,169,256,165,256,165,254,161,254,161,252
172,279,172,286,176,289,198,289,203,288,205,286,205,277,203,275,178,274,176,275
173,293,173,303,175,305,178,306,210,305,215,304,216,302,216,292,213,290,176,290,175,290
262,403,262,411,263,415,268,421,273,424,291,423,297,419,300,414,301,410,301,401,300,397,297,394,293,392,270,391,266,394,263,398
261,402,260,398,258,395,250,391,231,391,215,394,197,393,193,395,190,400,189,415,192,423,198,426,253,425,257,424,261,418
301,435,298,429,292,427,234,428,231,430,228,434,227,450,233,455,239,457,295,455,298,453,301,447
191,437,190,441,190,455,192,460,196,464,199,465,208,466,209,468,216,468,217,466,223,466,228,464,230,458,231,451,231,440,228,434,224,431,201,430,197,432
308,463,306,460,296,455,264,456,260,459,255,457,237,457,231,460,228,460,226,457,201,456,200,459,184,460,180,463,176,467,176,482,178,485,183,490,221,490,231,487,254,488,266,485,271,486,300,486,303,484,308,477
