92,123,91,128,91,150,94,155,96,155,97,158,100,160,101,163,104,166,108,166,120,173,123,174,130,180,146,179,149,177,151,174,151,155,151,151,148,143,148,128,146,118,143,115,137,113,133,108,108,108,105,110,101,117,98,119,96,119
88,173,88,183,89,188,94,194,100,196,108,196,108,195,109,194,111,192,111,180,107,173,104,172,90,172
105,189,104,191,105,201,107,205,111,209,112,212,113,213,113,215,114,216,115,220,118,220,119,222,123,225,129,227,136,226,140,222,142,215,142,207,139,199,132,195,124,195,123,194,116,191,115,190
198,253,195,257,194,262,193,264,193,277,194,277,195,282,202,287,206,288,215,288,220,285,223,281,223,277,223,266,222,259,220,257,220,256,217,253,213,253,212,251,201,251
27,279,27,293,28,297,30,300,37,305,51,307,66,316,77,317,93,322,106,322,111,319,114,313,114,288,112,285,112,282,109,279,92,279,81,276,70,275,66,273,62,272,59,270,50,268,39,268,33,270,29,274
314,296,313,311,314,313,316,316,317,319,320,320,326,322,340,321,344,319,345,316,347,313,349,306,349,296,346,292,338,289,321,289,316,292
185,303,185,317,188,322,192,322,195,324,206,324,212,321,213,319,213,305,210,300,205,296,195,295,191,296,187,300
22,305,22,313,25,321,36,321,51,327,62,330,70,329,72,326,72,314,70,312,65,311,62,309,49,305,44,302,42,302,40,300,26,299,23,303
22,319,21,328,23,332,28,333,37,333,38,321,36,319,32,316,25,316
297,324,297,330,299,335,320,335,327,332,327,324,321,320,299,320,298,321
34,321,34,324,32,327,32,333,36,339,41,340,48,340,49,341,54,341,56,343,62,343,64,341,65,338,65,330,64,326,57,324,54,322,51,322,48,321
323,324,323,332,324,334,328,336,328,337,348,337,351,334,351,326,348,324,338,322,328,321
73,325,73,337,74,342,86,342,93,345,101,345,106,343,107,339,107,330,105,327,104,326,88,322,76,322,75,322
165,339,165,351,167,354,172,356,179,358,185,360,200,363,217,363,219,361,220,360,220,348,219,346,219,333,217,329,213,328,210,326,206,326,188,322,173,322,171,324,170,326,170,333,166,336
14,335,14,344,15,346,28,347,28,343,29,342,29,335,24,332,17,332
291,335,291,346,294,350,304,351,325,350,332,351,332,352,350,353,354,350,355,348,354,336,351,333,344,333,343,332,327,332,326,333,321,333,317,332,307,331,306,329,298,329,293,332
13,334,13,345,15,347,23,347,28,352,31,352,33,355,39,356,41,358,54,358,57,360,62,360,65,358,67,354,66,345,65,342,61,339,55,339,53,338,49,337,47,335,40,333,28,333,25,331,17,331
70,342,70,354,72,358,77,363,82,364,96,364,99,363,102,358,103,347,100,339,92,337,75,336,72,338
318,346,318,358,322,360,329,360,337,363,348,363,352,360,352,350,350,347,331,347,330,345,320,345,319,346
20,354,20,365,20,367,24,371,39,377,49,377,55,373,55,364,53,358,51,354,38,349,24,349,22,350
52,365,53,376,54,380,60,384,67,386,74,389,83,389,84,388,88,383,88,371,87,367,83,364,70,360,62,359
160,375,160,384,165,388,170,389,173,389,185,393,188,393,194,397,212,398,216,395,216,386,215,384,213,382,189,378,187,377,185,377,176,373,164,372
