101,0,101,11,102,13,106,16,112,19,117,19,122,20,130,21,132,22,145,22,148,20,173,22,192,21,199,25,250,25,251,23,258,23,260,21,260,15,264,14,266,9,270,9,270,0
101,0,101,11,102,13,106,16,112,19,117,19,122,20,130,21,132,22,145,22,148,20,173,22,192,21,199,25,250,25,251,23,258,23,260,21,263,20,263,19,266,17,266,9,270,9,270,0
295,29,292,27,289,26,276,24,263,24,259,22,256,20,244,20,241,22,237,22,219,20,202,20,200,22,193,23,193,26,192,26,192,28,190,29,190,38,203,40,212,40,226,38,238,39,258,39,262,40,289,40,293,39,294,38
125,41,125,47,128,50,135,52,154,52,163,51,171,53,186,52,189,50,189,42,186,41,180,39,167,39,166,38,159,37,138,37,130,38,126,39
86,97,86,105,88,108,93,110,106,111,114,110,130,110,135,108,137,106,137,98,135,94,132,93,98,91,91,93,88,95
82,137,82,145,84,147,87,148,116,148,125,147,134,147,138,145,138,143,138,135,136,134,129,132,91,132,84,133
309,171,307,168,304,167,266,168,261,169,259,171,258,178,261,180,266,182,303,182,308,179
158,181,158,190,162,193,164,193,216,193,220,192,223,189,222,182,220,179,216,178,166,178,161,179
31,179,27,182,26,185,26,207,24,209,24,215,22,216,22,227,22,229,25,231,27,231,27,236,29,238,41,238,45,235,45,228,46,226,48,187,46,182,44,179
149,199,150,209,156,213,162,214,184,214,189,215,229,215,238,214,243,210,243,201,241,198,236,194,228,192,211,192,197,193,180,192,155,193,151,195
292,221,290,219,290,217,285,217,282,215,268,215,265,218,262,218,261,219,257,219,255,220,245,220,238,222,237,223,190,224,189,225,188,228,186,229,186,238,190,243,193,243,195,244,200,244,201,246,218,247,248,247,248,245,250,245,250,243,253,242,264,242,266,240,280,240,281,239,287,239,292,233
