264,265,264,290,266,295,268,302,271,306,275,307,280,311,284,311,285,313,306,313,307,311,309,311,310,313,354,312,355,315,365,315,367,319,391,319,395,316,400,315,400,314,410,314,415,310,415,305,418,302,420,301,425,293,425,253,420,247,410,245,407,242,406,235,403,232,398,230,334,230,293,233,287,235,270,249,270,254
264,265,264,290,266,295,268,302,271,306,275,307,280,311,284,311,285,313,306,313,307,311,309,311,310,313,354,312,355,315,365,315,367,319,391,319,395,316,400,315,403,312,405,312,406,308,415,308,417,303,420,301,425,293,425,253,420,247,410,245,407,242,406,235,403,232,398,230,334,230,293,233,287,235,270,249,270,254
513,275,513,285,515,288,541,290,561,300,586,300,592,298,595,295,595,280,588,273,575,271,518,270,515,271
566,310,567,327,574,332,580,334,598,334,601,332,610,332,614,329,615,310,612,306,609,305,580,305,570,310
283,313,282,337,290,344,303,346,315,346,327,341,336,340,339,336,343,336,345,334,345,315,342,315,342,305,332,304,329,300,298,300,296,308,290,308,289,310,284,311
0,317,0,334,2,335,5,335,8,337,20,337,30,335,35,330,35,321,33,318,28,315,11,315
629,318,624,322,624,334,626,338,626,340,639,340,639,318
74,340,74,349,80,352,102,353,105,351,107,349,107,340,103,337,80,338
0,336,0,365,25,365,30,364,31,362,30,342,26,339,14,338,13,335,4,335
579,625,579,635,582,637,613,637,621,635,621,625,615,623,580,624
615,625,615,635,618,636,634,637,639,635,639,625,637,625,620,624
