524,75,524,81,525,83,530,85,531,88,534,89,538,90,573,89,580,86,579,79,575,77,570,77,569,73,564,71,550,70,534,70,528,71
434,154,430,148,426,145,414,143,392,142,344,142,340,143,333,143,310,143,297,145,230,146,217,149,214,152,210,155,189,155,176,158,117,157,112,158,95,158,88,162,64,162,59,163,51,167,50,169,50,191,51,193,56,196,64,197,97,197,105,197,107,196,179,196,180,195,187,194,192,191,195,188,218,188,227,189,268,190,358,190,363,189,408,189,415,186,420,186,426,184,432,178,434,173
563,157,560,158,562,183,565,186,567,190,570,193,574,195,583,195,588,193,591,191,591,189,595,181,595,164,590,159,585,157
186,165,184,165,176,163,125,162,120,163,103,163,95,166,71,166,64,169,57,174,57,186,59,188,64,191,71,192,90,192,97,192,101,190,125,191,171,191,173,190,180,189,185,186,186,183,189,183,189,175,187,174
565,196,565,203,570,205,586,206,592,204,595,203,595,196,589,192,574,192,569,193
421,203,420,201,414,200,350,201,345,202,343,204,343,210,345,212,348,213,392,213,395,212,417,212,421,210
270,206,270,213,274,215,335,215,338,214,340,212,340,205,338,204,332,203,310,203,307,204,283,203,275,203
230,209,230,215,234,217,261,217,266,215,266,208,264,206,240,206,235,206
225,209,224,208,216,206,173,207,167,211,167,216,168,217,173,219,195,219,200,218,221,218,225,216
100,212,100,220,107,222,125,222,130,221,135,221,147,222,161,222,165,222,169,218,169,212,166,210,161,209,131,208,128,209,106,209
74,213,74,222,77,223,98,223,107,220,107,212,100,211,82,211
47,214,47,221,51,224,73,224,80,222,80,213,74,212,53,212
471,268,471,274,473,276,478,278,509,278,514,277,517,274,517,266,515,265,512,264,499,263,477,263,475,263
169,268,169,276,171,278,178,279,194,279,197,280,229,280,239,279,245,277,245,267,243,265,240,264,176,264,172,265
257,268,257,277,260,279,264,280,360,280,365,278,366,277,366,268,365,265,355,263,265,263,261,264
