533,76,531,75,523,71,507,71,504,72,487,73,482,75,475,81,475,90,480,93,490,96,519,96,531,93,533,90
584,93,585,105,589,105,590,107,639,105,639,90,608,90,605,88,590,88,586,92
531,95,531,103,535,106,539,107,554,107,559,108,587,108,593,105,593,98,591,97,591,93,583,91,536,91
107,106,107,115,110,119,115,122,121,125,133,126,166,125,175,120,177,116,177,105,169,97,139,97,135,96,125,96,115,98,110,102
554,107,555,116,560,117,589,117,593,116,619,116,639,113,639,104,636,103,620,103,610,102,594,102,588,103,559,103
398,116,390,107,386,106,381,105,336,105,325,107,300,108,298,109,273,109,267,111,256,111,255,112,248,113,243,117,238,122,235,134,236,150,239,154,241,155,244,159,252,163,256,164,291,164,300,163,302,162,309,161,340,161,342,160,371,161,379,157,390,154,395,150,400,136,400,122
589,125,588,133,590,133,597,136,631,137,639,136,639,121,631,118,605,118,596,121,593,121
530,126,530,135,538,138,566,139,585,138,590,137,595,133,595,125,589,122,582,121,544,121,534,123
639,140,608,140,602,142,599,145,599,152,600,155,608,158,639,159
532,147,532,155,534,157,539,160,583,161,590,159,595,154,595,146,594,144,590,142,583,141,555,141,549,142,537,142,533,145
1,135,0,136,0,177,9,180,16,180,23,181,32,181,35,182,53,182,55,180,58,180,65,176,72,165,72,155,69,151,68,147,64,142,54,137,40,136,33,134,15,134,10,135
258,176,258,191,260,197,265,201,276,206,322,206,337,204,360,203,371,200,380,195,382,192,382,176,375,168,370,166,367,166,361,164,277,164,271,165,260,172
524,180,524,194,529,198,535,200,561,201,595,201,607,200,610,199,639,200,639,173,618,173,613,174,607,172,555,171,540,172,536,174,534,174,528,176
0,200,0,225,44,225,60,224,81,224,91,221,97,216,97,205,95,203,90,201,44,200
126,267,126,275,130,279,136,280,165,280,168,279,172,275,172,267,167,264,162,262,135,262,128,265
176,269,177,277,180,279,187,281,225,281,237,280,241,279,246,275,245,266,242,264,236,263,187,264,180,265
