177,27,176,59,177,60,178,66,182,75,189,80,212,81,235,78,259,78,261,76,266,76,268,75,323,77,328,75,330,72,333,66,333,55,334,54,334,31,330,22,328,18,323,15,308,10,294,10,283,6,255,6,249,10,241,11,204,12,185,15,180,20,178,23
417,37,408,27,402,23,386,23,379,25,377,26,363,26,359,28,353,34,352,40,352,60,355,69,361,75,361,95,365,105,366,107,372,110,384,110,401,108,405,106,410,101,413,98,413,95,414,91,414,76,412,70,414,69,416,65,417,65
326,40,325,58,329,63,342,64,347,58,348,45,343,38,330,37,328,40
173,344,173,353,175,358,231,358,234,355,234,340,232,339,228,337,182,337,177,338,175,340
62,344,62,359,70,364,80,364,88,362,115,363,143,361,144,363,167,363,167,360,168,359,169,356,169,340,164,336,68,336,64,339
135,364,135,385,140,393,145,394,147,395,207,394,214,392,241,392,246,390,249,386,250,382,250,361,248,356,242,353,189,355,181,352,143,352,140,357,138,358
50,365,50,386,53,391,57,395,72,395,88,393,125,395,132,391,136,385,135,365,132,360,128,358,81,358,76,356,57,357,52,359
117,388,117,401,118,404,121,406,183,407,187,405,188,401,187,390,185,388,178,386,149,385,146,387,133,388,128,385,119,385
183,440,183,426,181,423,181,414,177,410,113,410,110,412,107,416,108,435,109,436,113,438,116,442,121,445,133,445,157,443,176,444,180,443
194,445,191,440,184,440,184,424,182,420,182,411,178,407,112,408,108,410,106,414,106,435,107,438,112,440,113,442,96,445,94,448,94,466,96,469,100,470,138,470,152,468,189,467,194,464
197,488,197,476,194,473,194,467,190,464,117,466,112,470,112,481,113,484,131,484,132,490,135,492,193,490,196,490
193,468,189,465,117,467,113,470,113,480,114,483,117,484,191,480,192,480,193,476
111,481,111,490,114,492,128,492,137,490,136,477,114,477
293,534,290,537,287,546,288,579,287,591,286,594,285,603,286,639,306,639,306,631,308,629,309,618,309,610,311,593,310,550,310,545,309,544,309,540,305,535,303,534
