363,0,363,5,368,10,408,9,414,8,462,8,470,6,475,3,475,0
285,1,285,14,290,16,327,16,333,15,336,12,336,3,330,0,295,0,286,0
468,0,468,3,471,3,473,5,473,14,478,20,483,21,486,21,487,23,496,23,499,21,510,21,510,19,515,19,523,15,525,12,525,3,520,0
445,10,444,6,440,3,422,3,420,5,373,4,369,5,366,9,366,20,368,22,371,23,380,25,417,23,421,21,438,21,441,21,445,18
259,15,259,26,261,26,263,28,272,28,278,30,329,29,332,25,332,16,325,13,301,13,298,15,292,14,290,13,270,13,265,13,265,15
370,22,370,31,374,33,377,34,408,34,417,33,442,33,448,32,451,28,450,20,445,18,428,18,417,19,416,18,389,18,376,20
240,28,240,40,241,43,247,46,264,47,266,50,267,55,270,56,275,58,303,57,328,58,329,56,335,56,340,53,340,45,345,41,345,27,340,24,332,23,330,22,293,22,287,23,270,21,269,20,257,20,253,22,248,23,244,25
365,36,366,45,370,48,374,48,375,49,383,49,389,48,425,48,430,47,435,41,435,34,433,31,429,30,412,30,408,29,378,29,376,31,372,31,369,32
451,46,450,44,433,43,430,41,421,41,415,43,379,43,375,44,370,46,370,54,374,58,377,58,405,58,416,57,448,58,451,55
273,56,273,65,280,68,302,68,308,70,323,70,330,67,332,65,332,55,326,51,280,51,277,52
280,58,278,58,278,56,268,53,255,53,250,55,235,56,232,57,230,60,230,65,234,69,242,69,245,68,254,68,255,70,273,69,277,65,280,65
408,60,408,68,410,70,415,71,436,73,460,73,467,71,470,67,470,59,465,56,414,56
230,68,230,76,234,79,235,79,238,81,273,80,277,80,281,76,281,68,280,66,275,64,233,64,233,66
476,71,476,79,477,81,480,82,517,82,521,81,524,78,523,71,517,68,480,68
370,75,370,81,374,85,407,85,412,83,412,75,409,73,404,71,373,71
231,80,231,88,236,91,313,93,318,92,320,90,320,78,313,75,295,75,281,76,278,75,238,76,233,78
476,83,476,93,479,95,516,96,521,94,523,92,523,84,521,82,517,81,490,80,478,81
426,84,421,81,410,81,406,83,395,83,373,83,370,85,369,86,369,93,370,95,374,96,420,96,424,95,426,93
232,92,232,99,236,101,290,102,293,101,294,99,293,90,285,88,252,88,245,90,235,90
15,96,15,106,24,108,64,108,70,105,71,103,71,95,66,91,61,91,40,91,35,92,24,92,18,93
370,97,370,106,378,110,390,111,421,111,425,110,429,106,429,98,427,96,420,95,375,95
233,103,233,111,237,113,319,113,324,110,323,101,320,100,315,99,265,99,236,100
