48,74,51,80,53,81,53,83,60,85,63,90,70,90,71,94,83,94,92,90,95,89,99,81,107,72,117,63,128,49,128,47,138,34,138,11,131,10,131,0,57,0,54,3,49,22,49,41,47,45
72,153,72,167,73,170,81,178,95,179,110,177,133,177,137,174,140,170,140,153,136,145,131,143,79,142,75,145,72,150
236,155,232,146,221,143,187,145,149,144,146,145,140,153,140,170,145,179,147,180,174,182,228,182,232,180,236,173
244,160,244,171,245,175,247,179,252,180,281,181,286,178,289,171,289,160,286,154,281,151,249,151,246,155
67,188,67,210,68,212,75,219,82,220,138,220,244,223,248,221,252,216,254,211,254,192,251,184,248,180,240,178,206,179,160,176,77,176,71,180,68,183
257,197,257,213,260,218,265,220,306,220,310,217,314,211,314,196,313,193,310,190,306,189,265,189,259,193
65,229,66,249,72,254,76,255,134,255,149,257,172,257,180,259,247,259,252,255,256,246,255,224,251,219,240,216,75,214,68,217,67,219,66,228
259,231,259,247,261,251,265,255,284,256,307,256,314,255,318,251,320,247,320,232,318,228,314,225,294,224,270,224,265,225
57,260,57,281,60,287,66,290,98,289,106,290,201,291,207,289,209,282,209,264,206,259,200,255,157,253,123,254,107,252,65,252,59,255
288,268,285,261,283,260,278,259,255,260,214,260,209,261,205,267,204,283,209,290,212,290,282,291,286,289,288,283
310,270,310,284,314,290,317,292,340,292,348,289,350,284,350,268,345,263,341,261,319,261,312,266
55,294,55,317,60,325,66,327,96,327,106,329,152,327,169,330,229,329,234,325,237,320,237,302,236,297,232,292,225,290,169,290,159,289,139,288,116,289,93,287,66,287,57,290
301,306,302,323,308,328,338,329,344,325,346,323,347,320,346,305,344,300,339,298,308,298,304,300
