85,67,85,77,87,82,91,85,95,86,96,87,105,90,110,93,120,94,122,95,134,95,135,94,138,93,165,94,175,91,179,85,179,68,176,64,172,63,171,62,166,60,148,60,130,57,101,57,89,61,87,63
192,100,173,100,169,101,167,103,162,115,162,117,160,118,159,138,156,138,155,139,153,139,152,138,139,138,137,138,136,136,122,136,121,138,117,138,108,138,107,145,104,146,104,157,106,158,107,165,111,169,118,172,124,173,150,172,164,175,175,176,198,176,205,173,208,169,208,154,206,148,199,144,198,113,197,111,195,103
77,136,75,139,75,149,79,154,82,155,90,155,115,155,116,149,117,147,119,147,119,141,110,134,106,133,86,133
108,139,108,145,104,147,104,156,106,157,108,164,111,168,119,171,125,172,151,171,164,174,176,175,197,175,203,173,207,168,207,153,205,149,195,143,195,141,181,141,180,137,161,137,160,139,157,139,156,140,152,140,151,139,138,139,136,138,135,137,123,137,121,138,118,139
385,130,381,132,377,136,377,144,368,146,364,150,363,154,363,180,360,180,360,209,362,211,363,217,367,218,369,221,372,222,380,222,382,224,386,224,390,225,421,225,429,221,430,218,434,216,439,211,440,208,440,202,443,197,442,155,435,147,433,139,429,136,426,134,410,130
360,156,337,156,332,157,330,160,317,169,317,171,313,174,310,174,310,175,308,176,307,180,305,181,304,186,302,187,302,206,304,208,304,213,302,215,302,233,303,236,306,238,307,251,311,260,313,260,315,262,318,262,319,263,343,263,345,262,351,262,352,261,361,261,368,258,371,255,372,251,372,240,375,237,375,232,376,224,379,223,379,221,380,221,380,205,379,205,378,199,377,196,378,180,373,178,370,173,369,166,367,164,363,157
432,133,421,129,413,128,382,128,378,129,374,133,374,142,370,143,367,143,363,145,361,148,359,153,330,154,326,158,314,167,313,169,310,171,307,171,307,173,305,174,304,178,302,180,298,187,298,208,300,210,298,213,298,235,300,238,303,240,304,242,304,253,307,262,310,262,311,264,315,264,315,265,345,265,348,264,354,264,354,263,363,263,369,261,371,260,375,253,375,242,377,239,377,234,380,226,382,226,387,227,423,227,432,223,432,220,436,218,442,213,443,210,443,204,445,199,445,155,443,150,438,145,436,138
274,226,272,228,270,233,268,236,268,248,270,259,268,261,268,265,266,266,265,268,262,269,260,270,261,288,266,294,271,296,290,296,292,295,300,295,302,294,307,293,316,289,316,286,319,283,319,274,321,272,321,264,318,264,313,260,309,259,296,258,296,252,298,250,298,234,294,230,294,226
277,218,274,221,273,226,271,229,270,233,268,236,268,248,270,259,268,261,268,265,266,266,265,268,262,269,260,270,261,286,264,292,268,295,271,296,291,297,293,296,301,296,302,295,308,294,317,289,317,287,319,283,320,275,322,272,322,264,319,264,313,260,309,259,297,258,297,252,298,251,298,234,296,231,296,221,291,218
198,241,184,241,182,246,174,246,172,247,170,251,166,256,164,261,164,271,162,272,162,285,164,290,165,300,162,307,162,312,160,314,158,322,158,335,162,342,164,344,167,344,167,345,190,346,192,345,197,345,203,341,203,340,205,337,212,333,214,332,214,322,212,321,212,320,210,320,207,318,207,307,205,306,203,303,204,294,208,290,208,288,210,287,211,285,211,277,213,273,214,268,214,250,210,246,205,245,204,244,199,243
