144,36,145,45,148,48,150,48,203,49,214,47,217,43,216,33,214,32,206,30,156,30,149,31
505,42,505,51,508,53,515,55,567,55,577,54,582,51,582,43,578,40,574,38,513,38,508,40
154,51,153,59,155,62,160,65,198,65,201,63,205,60,205,50,202,48,198,47,160,47,156,49
511,53,511,61,515,64,520,66,568,66,574,64,575,62,575,55,572,52,545,51,543,50,515,50
516,66,516,75,518,76,524,78,561,78,566,77,570,75,570,67,564,64,545,63,520,63
182,70,182,76,189,77,206,77,216,75,216,69,214,68,188,67
327,110,328,122,334,126,353,126,355,128,355,140,359,144,365,146,375,146,387,149,425,149,431,147,436,144,454,144,457,142,462,138,464,135,464,124,462,121,455,117,435,115,428,109,423,108,405,108,399,105,358,105,354,104,338,104,330,106
70,115,70,122,74,125,110,126,116,122,116,114,112,111,75,111
225,165,224,170,225,182,227,185,227,187,237,195,238,197,281,198,285,200,287,204,325,204,332,204,334,202,334,175,330,172,325,171,316,166,290,166,285,162,271,159,269,157,257,156,241,157,230,161,230,163
323,176,323,202,327,203,331,207,359,208,360,210,365,210,370,214,397,215,400,218,409,221,430,221,432,220,437,210,437,197,435,192,430,189,424,187,409,187,400,183,394,181,373,182,365,177,359,176
235,202,235,208,237,209,245,210,281,208,285,206,285,199,282,197,282,193,280,191,240,191,239,200
136,202,133,208,133,218,150,219,150,220,160,220,164,218,167,218,170,216,171,207,170,204,167,200,162,199,141,199
168,200,163,199,140,200,136,202,133,208,133,214,127,215,124,215,119,218,116,222,116,229,118,233,123,235,143,236,154,235,159,231,161,231,161,221,165,219,168,219,172,216,171,204
