356,8,356,15,360,16,364,17,389,17,391,16,414,17,440,17,445,16,446,14,446,9,443,7,439,6,389,6,370,6,361,6
150,15,150,21,154,22,166,23,183,23,185,22,218,23,256,23,261,22,265,20,265,15,261,13,256,13,235,13,230,12,159,12,154,13
559,14,559,19,563,21,593,22,598,21,604,19,604,14,597,12,570,12,562,13
151,22,150,24,150,29,155,31,162,32,184,32,187,31,190,29,190,23,187,22,184,21,182,20,160,20
384,69,381,67,377,66,343,66,337,66,333,68,333,73,338,75,341,76,375,76,382,74,384,73
66,80,64,78,61,77,10,77,7,77,1,79,0,85,5,86,10,87,59,87,65,85
126,81,126,86,131,88,135,88,136,89,158,89,176,89,182,88,185,86,185,81,180,79,134,79,130,80
515,86,515,92,520,94,524,94,559,95,564,94,567,92,567,86,563,84,520,84
126,89,126,94,130,96,134,97,155,97,160,97,176,97,180,97,185,94,184,89,175,87,171,87,168,86,136,86,130,87
517,96,517,101,520,103,530,103,547,103,550,103,554,101,554,97,550,95,521,95
413,106,414,111,416,112,424,113,439,112,445,113,461,113,467,112,470,110,470,105,468,103,460,102,424,102,417,103
415,114,414,119,416,120,421,121,443,121,449,120,452,118,452,115,450,114,442,112,420,112
414,123,414,127,417,129,420,130,438,130,442,129,446,127,446,123,443,121,439,120,421,120,416,121
222,140,223,145,229,147,242,147,247,148,262,148,268,146,270,145,270,140,270,139,264,137,230,137,224,138
505,148,504,147,499,145,460,145,455,146,451,147,450,149,450,152,453,154,458,155,480,156,484,157,500,156,500,155,502,155,505,152
172,155,172,160,175,161,178,162,195,163,198,163,215,163,221,161,222,160,221,155,217,153,212,153,181,152,174,154
452,157,453,163,462,165,483,165,485,164,489,164,503,164,507,164,510,162,510,157,500,154,484,154,482,154,481,153,464,153,460,154,458,154,455,155
451,165,450,170,455,172,466,173,480,173,489,172,494,171,495,166,490,163,483,162,462,162,457,163
631,167,627,166,614,166,604,167,601,168,598,168,596,169,593,170,592,171,583,171,582,176,570,176,570,177,564,181,563,185,561,186,561,192,564,193,565,196,570,196,570,199,580,199,580,202,603,202,606,203,634,203,634,201,638,200,639,180,638,173
464,196,464,201,470,204,474,204,500,204,503,203,506,204,523,204,531,203,534,201,534,195,529,193,470,193,465,195
334,196,333,203,335,205,339,206,360,206,377,206,381,205,385,203,385,197,382,195,378,194,371,194,354,194,340,195
528,204,526,203,521,201,510,201,505,202,491,202,487,201,474,201,471,202,466,204,465,209,469,211,473,211,521,211,525,211,528,209
569,201,569,210,571,211,571,216,575,217,577,217,579,218,610,220,624,220,639,217,639,202,636,202,634,200,611,200,610,199,575,199
465,213,465,218,469,219,473,220,492,220,496,219,500,217,500,213,494,211,487,210,474,210,468,211
152,222,152,229,156,231,162,232,205,231,212,232,224,232,230,231,233,230,235,228,235,222,228,220,207,220,199,219,159,219
240,229,238,231,238,235,240,237,244,238,275,238,279,237,282,236,282,230,278,227,246,228
