295,196,294,204,295,207,299,210,305,212,313,213,326,213,337,212,340,210,340,201,330,195,323,194,301,194
86,258,82,262,82,269,85,273,87,275,90,276,102,276,108,269,108,262,106,260,100,257,90,257
87,271,82,278,83,286,87,290,87,291,100,290,106,286,106,276,102,272
120,283,120,290,122,292,155,293,160,291,160,280,154,279,127,280,122,281
119,282,119,290,121,292,125,293,168,293,171,291,173,290,173,283,168,280,157,280,154,279,126,279,121,280
87,287,81,294,81,300,84,303,90,305,98,305,102,304,108,300,108,292,100,288,100,286
101,291,101,300,111,304,149,304,157,303,160,300,160,294,157,291,152,290,105,290
110,316,110,325,115,328,145,329,156,327,159,325,159,318,154,315,141,313,125,313,115,314
30,401,30,409,34,412,37,413,38,414,86,413,117,413,127,411,131,409,131,402,128,399,125,399,91,399,88,398,40,398,33,399
38,408,39,416,41,419,47,422,71,423,115,423,125,421,127,419,126,411,123,409,117,408
