116,50,116,79,120,85,124,88,130,90,195,90,202,92,238,91,245,88,246,85,248,85,251,83,255,79,255,75,256,73,256,51,254,46,250,43,242,41,241,40,239,40,237,38,209,38,204,40,181,37,177,35,151,35,150,37,136,37,125,39,118,43
167,215,167,226,170,229,173,230,213,230,228,230,232,232,246,232,257,230,260,227,259,215,252,210,235,211,228,213,195,213,183,210,172,210
311,224,311,232,313,235,329,235,334,236,335,238,344,238,345,236,351,235,354,232,354,223,351,220,326,219,316,220,311,222
311,232,311,241,314,245,332,246,341,244,342,242,342,232,340,232,339,230,313,230
138,235,138,245,140,247,143,248,173,246,175,245,175,235,171,232,143,232
138,255,138,264,143,267,165,265,177,266,180,264,180,255,178,253,175,252,141,252
180,265,180,273,181,275,185,276,191,276,194,279,206,278,210,280,216,280,217,278,227,278,227,276,229,275,228,264,226,262,219,262,218,259,205,260,203,256,186,255,183,257,182,259,182,262
217,273,216,284,218,287,225,288,216,290,217,303,240,305,243,303,251,302,254,300,254,290,250,287,250,280,248,278,246,278,243,273,230,272,229,270,221,270
254,290,250,287,250,280,248,278,246,278,245,275,238,275,238,279,231,280,231,284,230,285,229,287,221,290,216,290,216,302,220,304,232,305,249,303,254,300
250,345,246,342,238,341,213,343,158,342,155,344,155,354,156,355,183,354,228,354,230,355,249,355
391,400,385,396,367,396,366,398,360,399,355,402,350,410,349,420,348,420,347,428,339,428,338,434,337,430,325,430,324,434,318,434,316,436,316,458,318,460,315,461,315,476,320,480,324,489,330,490,353,489,356,485,360,485,361,479,369,479,370,473,372,472,373,470,381,466,383,464,386,464,388,461,388,457,390,456,390,435,388,432,392,426
410,444,410,458,416,463,420,463,425,465,440,466,449,469,459,469,468,465,470,461,470,445,465,437,461,435,446,435,439,432,418,432,413,435,411,438
3,605,3,624,6,629,41,630,55,633,115,633,126,632,131,630,196,630,203,628,205,624,205,605,200,599,195,598,160,599,140,597,70,596,46,599,8,599,5,601
