428,15,428,22,429,24,433,27,441,27,450,29,462,29,470,28,474,26,475,24,475,13,470,9,460,8,440,8,432,10,430,11
261,19,261,27,265,30,283,33,300,32,310,30,313,26,312,17,305,13,297,11,275,11,265,14
106,19,105,30,108,34,127,36,140,36,150,35,153,32,153,22,150,19,146,17,135,16,122,16,110,17
580,26,578,23,575,21,556,18,513,20,507,21,498,28,496,30,496,40,499,45,502,47,506,48,519,48,540,45,550,45,551,42,558,42,559,46,574,47,577,45,577,42,580,37
639,27,598,28,592,32,593,43,598,45,615,45,621,43,639,43
170,36,170,45,172,51,175,53,194,53,208,48,217,49,225,51,241,51,244,49,248,41,248,33,245,27,239,24,228,23,205,23,184,25,175,28,172,31
420,34,420,45,425,47,472,47,480,46,483,44,483,34,480,32,474,30,427,30
93,34,85,28,82,27,60,27,54,28,42,28,22,36,20,40,20,49,24,56,27,57,53,58,73,56,85,56,90,53,93,49
254,49,260,53,271,53,283,51,302,49,305,47,311,46,313,44,313,37,310,35,304,33,287,33,278,32,262,32,256,36,254,40
100,41,100,51,105,55,115,55,121,53,152,54,160,50,159,40,150,36,111,36,106,37
512,68,510,73,510,80,512,82,515,84,527,84,533,86,545,86,557,84,560,80,559,69,555,66,550,65,525,64,515,66
36,78,36,87,38,89,45,92,47,95,72,95,80,92,84,88,83,77,79,74,75,72,45,72,40,74
427,85,427,99,430,101,433,103,440,104,443,105,481,106,487,103,491,95,490,84,488,82,479,79,434,79,431,80,431,85
500,95,501,103,509,106,519,106,527,105,557,105,565,102,565,101,565,89,563,88,555,86,510,86,503,90
34,98,35,108,38,111,78,111,85,110,89,108,90,106,90,99,89,96,78,91,73,91,72,90,47,91,45,93,36,95
595,127,595,137,598,140,613,141,620,143,629,143,630,142,635,142,639,141,639,124,635,124,629,122,610,122,600,124
639,143,631,141,616,141,601,143,593,143,588,147,587,150,585,152,585,158,588,160,593,162,601,162,613,160,639,160
429,148,429,156,435,160,453,162,457,163,471,162,480,158,480,157,480,147,478,145,475,144,470,141,461,140,442,140,430,146
151,150,144,146,115,147,110,150,110,160,114,162,141,162,151,158
507,185,507,193,513,197,546,198,552,197,556,194,556,185,552,181,545,179,517,179,510,181
485,195,479,192,475,191,460,191,448,194,440,194,438,195,436,198,433,199,431,202,431,210,435,210,436,215,440,217,481,216,484,214,486,209
0,193,0,218,6,219,17,219,25,217,28,215,30,209,30,198,24,193,20,193,16,192,7,192
501,202,501,213,506,216,525,215,534,217,551,217,560,215,562,213,562,203,561,202,557,200,548,199,536,199,535,198,525,198,522,199,505,200
39,204,39,213,45,217,85,217,93,215,96,213,95,202,85,198,46,199,41,201
591,240,591,250,594,252,604,252,605,253,610,254,626,254,633,253,636,250,636,240,633,237,625,234,603,234,595,236
495,255,495,269,497,271,506,272,528,272,536,271,539,270,560,271,565,270,571,263,571,253,568,249,560,247,517,248,511,250,498,252
0,249,0,267,12,268,20,267,23,265,24,255,21,253,15,250
116,255,116,264,120,268,135,269,145,267,151,263,151,255,149,252,145,251,121,251
437,257,437,265,440,268,445,269,447,270,474,270,478,266,478,257,471,252,458,252,441,255
582,258,582,269,586,271,630,271,639,269,639,257,635,255,588,255
506,293,506,302,513,307,540,307,546,305,550,305,553,303,552,292,549,290,540,287,517,288,509,290
0,293,0,316,30,316,34,314,37,309,37,297,32,294,25,292
49,305,49,313,53,316,92,316,97,315,101,313,101,305,100,303,94,301,92,300,60,300,54,301
441,305,441,314,451,322,479,322,485,315,485,305,482,301,461,300,447,302
639,301,621,301,615,303,604,304,588,303,580,305,574,309,570,313,570,323,574,326,583,327,593,327,613,324,622,324,624,326,639,325
559,311,557,309,545,306,529,306,503,308,498,311,497,322,499,324,504,325,544,325,548,324,557,323,559,321
580,345,580,356,584,358,595,360,600,363,623,363,624,362,628,362,630,360,633,357,632,348,630,345,625,342,587,341,584,342
43,351,44,361,47,364,51,365,105,367,110,366,114,362,115,359,115,348,110,345,105,343,60,341,55,342,54,343,45,347
0,346,0,363,19,364,27,364,33,361,33,352,31,350,23,347
218,351,218,363,221,368,226,371,248,372,254,369,257,365,259,360,259,354,257,350,252,347,246,346,228,346,223,347
118,355,118,363,121,366,125,367,138,367,143,366,162,366,170,364,173,362,172,353,170,351,163,349,125,349,122,350
568,358,565,355,559,353,536,353,528,354,512,353,501,355,495,355,490,358,489,369,492,375,496,377,524,377,530,376,562,376,568,369
433,360,434,370,447,374,474,374,480,370,480,362,478,359,475,358,470,356,462,355,461,354,444,354,443,356,439,357
575,365,575,374,580,378,628,378,635,376,637,374,637,365,631,362,628,358,599,358,581,359,576,362
