325,100,322,97,311,95,306,91,306,88,304,84,299,81,293,80,270,80,255,82,230,83,214,86,209,89,198,89,185,92,180,95,177,101,177,111,179,115,184,118,184,120,193,121,210,121,211,120,220,120,220,121,226,121,227,123,231,123,240,125,242,133,260,133,263,125,266,122,302,123,307,121,320,120,324,117,325,114
163,119,162,133,169,136,177,138,209,138,215,136,215,135,218,134,220,132,220,122,220,116,217,115,203,113,180,113,175,115,167,115,165,116
404,127,400,133,402,180,406,186,414,191,425,197,430,201,430,203,437,203,440,206,447,206,449,207,452,207,455,210,469,210,470,212,473,213,492,213,493,208,499,199,499,191,500,190,500,176,495,168,488,164,481,161,467,150,465,150,460,146,451,143,442,143,440,140,439,134,436,130,431,127,427,126,408,126
546,168,543,173,543,186,546,205,549,211,549,216,552,226,557,231,560,236,568,271,570,274,572,280,577,283,590,283,595,282,599,278,600,261,597,255,591,230,585,217,582,203,584,202,584,193,576,179,569,170,564,168
403,126,400,132,401,181,405,188,413,193,421,196,420,200,420,213,423,219,428,223,443,227,450,227,452,228,462,230,495,230,496,226,500,226,500,211,498,211,497,205,500,200,500,193,502,191,502,176,499,170,490,163,483,161,469,149,467,149,455,143,444,142,441,139,440,133,438,130,433,126,429,125,407,125
545,295,545,301,546,305,553,307,575,307,584,302,584,294,581,293,550,292,546,293
59,331,59,341,64,348,89,348,90,346,93,346,102,346,109,345,113,341,113,332,111,328,104,325,72,323,64,326
64,343,60,350,60,371,65,378,70,381,99,381,107,377,111,373,111,362,109,357,105,355,98,352,95,350,95,347,90,343
34,348,26,347,13,347,0,350,0,413,13,413,19,410,23,406,24,404,32,398,34,394,39,389,40,383,40,370,38,366,39,353
202,395,202,405,206,408,210,410,238,410,245,408,250,404,250,395,246,391,242,389,222,388,210,390,207,391
