238,136,238,147,240,149,249,149,250,150,265,150,266,149,277,150,294,150,296,149,298,146,298,138,297,136,294,134,268,135,255,134,243,134
217,138,217,146,220,149,231,149,232,148,237,148,242,147,242,136,237,135,220,135
215,148,215,158,217,160,232,160,241,158,241,147,240,147,232,146,231,145,220,145
299,147,297,145,296,143,277,144,275,145,266,145,265,144,241,145,237,147,237,155,237,158,242,161,243,162,245,163,258,162,295,162,297,160,299,158
297,160,294,156,268,157,266,158,263,161,263,167,265,169,268,171,293,171,295,170,297,168
252,160,251,157,243,156,240,158,218,158,215,160,215,169,217,171,221,171,245,172,249,171,252,168
249,161,249,168,252,171,265,170,267,167,267,162,262,159,251,160
229,170,229,179,230,181,248,180,250,179,252,178,252,170,247,167,230,167
286,171,283,167,264,168,252,167,249,170,249,178,252,180,281,179,284,179,286,177
224,194,225,197,227,198,231,199,268,198,268,197,277,197,277,189,279,188,281,188,283,186,283,178,280,175,250,174,245,177,245,180,244,183,229,183,224,185
230,178,230,185,233,188,250,188,250,177,248,176,232,177
224,186,224,194,225,196,227,197,267,197,268,196,277,195,277,185,275,185,273,183,229,183,226,184
224,186,224,195,227,198,231,199,268,198,268,197,283,197,288,197,290,195,290,186,286,183,281,183,276,184,274,183,244,182,242,184,229,183,226,184
228,192,228,205,230,205,233,208,239,208,243,210,245,212,250,212,250,214,272,216,273,217,285,216,286,215,292,213,292,205,294,204,294,195,289,192,268,192,267,191
230,193,230,205,233,208,239,208,243,210,245,212,250,212,250,214,272,216,273,217,285,216,286,215,292,213,292,205,294,204,294,195,289,192,268,192,267,191,233,192
213,233,213,246,215,248,233,248,243,250,281,250,288,248,296,248,300,246,301,244,301,232,300,230,298,227,297,223,295,219,292,218,278,217,278,218,274,218,273,215,270,214,229,214,227,216,225,219,217,220,216,222,216,229
217,223,217,235,218,238,226,238,229,240,229,241,229,246,232,248,244,250,281,250,288,248,296,248,300,246,301,244,300,231,298,228,296,222,292,218,279,218,278,219,274,219,273,216,270,215,229,215,227,216,225,220,219,220
217,223,217,235,218,238,226,238,229,240,229,241,229,246,232,248,244,250,281,250,288,248,296,248,300,246,301,244,300,231,298,228,296,222,292,218,279,218,278,219,274,219,273,216,270,215,244,214,241,215,241,220,234,220,233,219,226,219,219,220
215,235,215,244,217,246,229,246,234,244,234,233,231,232,219,231
214,272,214,279,217,284,219,285,231,285,232,283,246,283,259,283,259,285,267,285,267,283,269,283,270,279,270,270,269,268,265,267,264,265,261,262,222,263,220,264,219,268,216,269
216,282,216,290,218,292,219,293,219,297,220,300,223,302,226,302,240,302,245,300,262,301,265,299,265,293,268,290,268,281,266,279,219,279
