94,84,95,115,96,120,100,125,103,126,121,126,131,125,137,122,140,128,143,130,195,130,202,127,204,124,205,117,215,120,235,120,240,115,241,110,241,85,240,79,239,78,238,74,236,74,236,71,233,70,232,68,222,63,220,58,219,50,214,44,211,42,148,41,141,43,121,43,116,45,113,49,111,54,110,64,105,68,101,74,98,75,95,80
230,127,228,122,225,120,171,120,153,121,148,123,115,122,108,125,107,130,107,144,109,149,115,151,184,151,224,149,229,145,230,142
281,151,280,145,276,141,272,140,261,140,256,138,243,138,227,145,211,146,206,156,206,173,210,180,220,183,232,183,241,180,253,180,261,177,273,177,278,174,281,168
87,203,87,212,91,219,123,219,128,217,133,209,133,198,131,195,126,193,97,194,91,195
135,200,135,212,136,215,141,219,198,218,201,217,205,214,205,201,201,197,197,195,145,194,141,195,136,198
206,205,206,219,209,223,218,226,248,226,252,219,251,206,248,203,244,201,220,200,208,203
116,228,116,240,118,244,125,248,221,249,225,247,229,242,229,230,226,225,221,222,215,220,192,221,180,220,125,219,120,222
433,505,432,502,426,498,413,499,410,500,407,500,404,505,403,505,403,517,406,520,412,520,413,522,428,522,433,517
358,508,358,517,361,520,383,520,390,518,389,505,365,503,360,505
384,505,385,518,401,520,407,517,407,505
316,504,316,516,321,520,330,520,338,523,350,523,360,520,363,517,363,507,361,505,358,503,320,500,318,501
363,525,363,534,366,536,370,536,373,538,378,538,381,536,398,536,405,533,405,524,400,520,368,520,364,522
428,518,425,518,424,515,415,515,411,519,406,519,400,525,400,533,404,536,421,537,424,535,427,535,429,533
357,539,357,546,359,549,363,550,393,550,396,546,396,538,393,535,373,532,371,534,361,534,359,535
373,547,373,556,375,559,396,559,398,558,399,555,399,548,398,545,396,545,395,544,380,544,375,545
