360,151,360,160,365,163,401,163,401,150,398,149,365,149
10,178,10,185,12,187,25,190,70,190,75,188,77,186,77,176,75,174,71,173,19,172,15,173
105,187,103,190,101,199,101,206,105,210,115,213,131,213,139,208,140,205,140,195,139,193,137,189,134,186,130,185,113,185
565,186,560,190,556,196,556,206,558,210,573,216,588,216,592,213,594,213,598,210,600,207,600,196,597,191,590,186,573,185
423,198,422,209,428,213,437,215,451,215,457,213,460,210,460,198,457,195,452,193,431,193
154,196,150,200,150,210,152,213,156,215,179,216,186,211,187,202,185,199,179,195,163,194,158,195
310,205,308,206,305,212,305,224,315,232,319,233,320,237,323,238,323,244,327,255,332,258,348,257,350,255,350,248,351,244,351,234,350,231,355,226,355,219,353,212,350,211,345,207,329,203,318,203
400,236,401,246,404,249,410,251,473,251,480,250,482,246,482,233,480,230,475,228,410,228,403,231
456,262,456,271,458,274,461,276,470,279,477,279,483,280,504,280,510,276,513,272,513,260,511,258,507,255,466,255,461,257
369,265,369,276,370,278,374,280,383,281,413,283,445,282,453,278,455,273,455,265,454,261,450,259,443,258,380,257,375,258,371,261
249,333,247,336,247,343,249,347,254,351,257,352,274,352,278,351,281,348,283,345,283,336,280,332,277,330,272,329,257,329
