193,95,193,103,196,107,201,108,249,109,255,108,259,105,258,94,255,91,250,90,231,88,201,88,195,92
254,98,255,106,257,108,264,110,295,110,301,109,304,108,305,105,305,98,302,95,298,94,262,94,256,95
311,99,311,108,314,112,318,114,321,114,323,115,342,115,346,114,350,110,351,101,350,99,345,96,335,94,322,94,317,95
445,100,438,95,430,93,394,94,375,95,360,95,354,98,351,100,351,113,354,116,359,118,431,119,441,116,445,113
196,115,196,123,201,125,225,125,232,124,232,114,228,112,201,113,197,114
226,114,226,124,231,126,264,127,270,126,271,116,265,113,234,113
195,114,195,123,200,126,227,125,230,127,269,127,274,128,297,128,302,127,305,125,305,117,300,115,270,114,265,113,231,113,229,111,200,112,196,113
307,119,307,126,311,129,335,129,340,128,342,126,342,119,340,117,336,116,313,117
197,148,197,155,200,157,236,158,244,155,244,148,238,145,201,146
294,222,286,224,280,230,280,239,284,245,285,254,290,257,301,257,310,254,313,250,313,239,315,237,315,229,309,223
8,248,8,254,11,257,15,257,51,257,57,255,60,254,60,248,53,245,49,244,15,244,11,245
54,248,54,254,56,255,68,255,70,254,70,248,67,246,56,246
9,258,9,264,11,266,25,267,30,266,34,264,34,258,31,256,13,255,10,256
247,303,243,308,241,309,241,317,246,322,255,322,262,325,270,325,272,323,276,322,280,319,282,317,282,307,280,306,277,305,275,304,265,302,253,302
249,302,246,304,243,308,241,309,241,317,245,320,244,322,244,331,248,335,251,336,264,336,270,331,270,324,276,322,282,317,282,307,277,305,276,304,270,302
471,363,467,374,468,389,470,393,475,396,479,397,480,399,492,399,495,396,497,396,502,386,502,370,495,363
370,383,370,400,371,402,380,404,398,404,407,402,407,383,405,382,397,380,376,380
372,386,367,384,352,384,349,387,344,388,339,391,339,402,345,404,360,404,364,401,365,396,372,392
425,383,423,386,424,401,428,402,446,402,449,400,449,389,446,386,441,383
11,409,11,415,18,418,43,419,46,417,46,408,43,407,15,406
14,417,14,424,17,426,31,426,40,425,43,424,43,414,18,414
502,425,502,432,506,436,510,437,546,437,550,436,556,436,561,433,561,424,557,420,542,418,510,419,508,420
15,427,15,433,19,435,30,436,35,435,39,433,39,426,36,424,23,424,18,425
177,425,177,433,180,436,190,437,205,437,210,436,212,433,212,427,210,424,207,423,182,422
16,437,16,442,19,445,23,446,41,446,45,445,47,443,47,436,45,434,26,433,21,434,18,435
234,435,234,442,239,446,259,446,264,445,266,443,266,434,264,432,258,431,241,431,236,433
