331,0,331,3,335,6,356,7,357,8,369,9,380,4,397,4,402,2,402,0
9,24,9,30,13,33,46,33,48,30,48,23,46,21,42,20,14,21,11,22
9,32,9,39,13,41,46,41,49,38,49,33,46,28,13,29
330,34,328,39,328,50,328,51,337,57,347,61,356,61,358,62,369,62,372,59,378,57,379,54,382,52,383,45,383,36,381,32,379,31,375,29,343,29,335,31
9,41,9,47,11,51,46,51,49,48,49,41,46,38,13,38
5,51,5,59,8,61,14,62,38,62,42,60,48,60,52,57,52,51,50,48,46,47,11,47,7,48
406,76,407,83,408,85,412,87,419,87,427,89,441,88,445,87,448,83,447,75,442,71,429,71,423,70,416,70,410,72
190,167,179,177,175,182,175,194,179,205,182,208,184,208,186,217,187,218,188,222,190,225,197,226,198,227,208,227,219,226,221,224,222,222,223,221,223,217,225,215,225,213,227,211,231,197,231,187,228,186,229,186,229,178,227,176,226,173,218,169,207,167
233,250,225,247,219,246,207,246,193,248,185,250,181,253,177,261,177,270,184,276,189,278,207,279,210,278,215,278,217,276,219,276,220,275,224,274,225,272,228,272,232,268,235,259,235,253
229,294,226,293,216,293,215,295,211,295,210,297,206,297,203,299,196,301,187,307,182,317,181,323,181,331,182,333,189,340,194,342,210,343,210,342,214,342,217,340,219,340,222,338,227,338,229,335,233,333,236,330,240,321,240,311,239,309,237,308,236,306,233,298,230,296
