511,59,505,61,505,63,501,67,501,80,509,86,507,92,504,95,504,102,501,105,501,118,505,122,508,123,508,126,511,129,520,134,522,134,523,136,526,137,546,136,550,135,553,129,561,118,565,110,565,99,562,98,562,92,560,90,559,77,553,72,552,66,541,60,535,59
511,59,509,59,508,63,505,63,501,67,501,80,509,86,507,92,504,95,504,102,501,105,501,118,505,122,508,123,508,126,511,129,520,134,522,134,523,136,526,137,546,136,550,135,553,129,561,118,565,110,565,99,562,98,562,92,560,90,559,77,553,72,552,66,541,60,535,59
415,356,413,354,410,353,382,352,367,352,360,353,310,353,303,355,302,365,308,367,325,368,357,367,361,366,407,367,410,366,415,364
511,355,511,364,519,366,563,367,566,365,566,355,560,353,518,352,513,355
26,356,26,363,29,366,33,367,114,367,120,365,120,355,110,353,36,352,31,353,27,355
112,355,113,365,117,366,126,367,158,367,165,366,170,364,170,356,163,353,119,353
164,356,164,365,172,367,189,368,195,366,203,367,241,367,248,365,248,355,241,353,174,353,168,354
310,355,304,353,284,353,280,354,246,354,240,355,240,365,254,367,268,367,281,366,303,366,310,365
409,356,409,363,415,366,472,366,480,364,480,354,475,353,418,353,413,354
473,354,473,364,479,366,510,367,519,364,518,355,501,352,484,352
28,370,28,377,32,380,58,380,64,379,64,369,60,368,53,367,40,367,32,368
56,368,56,379,63,381,85,380,89,381,119,381,122,382,176,382,189,382,197,379,197,369,190,367,170,366,149,367,63,366
212,369,212,379,219,381,254,381,263,380,267,381,300,381,307,380,307,370,301,368,221,367
560,369,559,368,555,367,528,366,520,367,515,366,484,367,438,367,430,369,430,379,435,381,460,382,480,382,483,381,518,381,525,382,555,382,558,381,560,379
190,370,190,379,198,380,214,380,219,379,219,369,211,368,199,368
300,370,300,379,302,380,334,381,350,380,355,378,355,369,350,368,326,367,316,368,313,369,302,369
349,370,349,378,355,381,393,380,397,379,399,378,399,370,391,367,355,367
392,370,392,378,395,380,398,381,430,381,438,379,438,369,432,367,403,367,399,367,394,370
25,368,25,379,27,381,31,382,86,382,145,384,179,384,191,383,195,382,303,383,310,382,316,383,354,382,359,380,359,368,354,366,324,366,306,367,304,366,262,365,219,365,195,366,185,365,169,365,146,366,37,365,29,366
