148,25,146,24,141,22,100,23,95,26,95,34,98,34,100,36,105,36,105,37,136,37,143,36,147,34
0,26,0,34,5,35,25,36,32,35,44,35,48,34,48,26,43,24,5,24
42,26,42,34,50,36,59,36,66,33,66,27,63,25,49,25
60,27,60,33,65,35,79,35,84,34,84,27,81,25,76,24,69,24
78,27,79,34,85,36,96,36,102,34,101,26,94,25,85,25
95,35,95,45,99,46,132,46,137,45,140,43,140,37,136,33,100,33
0,36,0,44,5,45,29,45,47,45,48,35,44,34,29,33,8,33,2,34
60,37,60,45,65,46,78,46,81,45,84,45,84,37,80,35,77,34,67,34
0,36,0,44,5,45,43,45,47,46,60,46,66,45,66,36,59,34,45,35,40,34,8,33,2,34
78,37,78,45,84,46,97,46,101,45,101,36,85,35
140,37,137,32,100,32,95,34,82,35,78,33,65,33,60,34,30,33,7,33,1,34,0,35,0,45,4,46,42,45,46,47,80,46,82,47,133,47,138,45,140,44
