213,11,214,31,217,35,225,37,252,35,280,36,286,34,309,33,317,27,320,20,320,2,317,0,263,0,250,1,228,1,220,3,216,5
70,17,70,41,75,45,99,46,106,45,116,45,120,43,122,39,122,24,119,20,119,15,116,12,76,13,73,15
33,28,33,43,38,47,51,47,58,45,62,45,67,42,70,35,70,25,69,21,66,19,63,18,42,18,35,22
127,5,123,7,121,12,122,35,123,38,122,75,122,94,123,95,123,100,125,103,128,108,140,109,146,102,147,96,147,76,146,70,146,48,146,41,149,39,151,33,151,20,150,19,149,10,145,5,140,4
264,44,264,54,267,59,277,60,281,56,282,54,282,44,281,41,277,38,268,38,266,40
251,50,248,46,244,45,216,46,212,49,213,60,214,62,235,64,237,62,247,61,251,58
179,53,179,61,182,65,213,63,216,60,216,49,213,47,186,48,181,50
44,53,44,64,45,65,46,72,50,75,61,75,71,73,75,70,74,57,72,50,71,50,48,49,45,50
215,63,215,70,219,73,236,72,240,70,240,61,233,57,224,57,221,59,218,59
185,64,185,72,188,75,215,75,217,74,219,70,219,63,215,60,197,60,188,61
91,40,89,45,87,52,87,94,91,105,94,107,107,106,111,99,111,97,112,95,112,85,110,69,108,64,107,57,105,51,103,45,101,44,100,40
258,73,255,70,189,71,182,73,179,75,179,87,180,90,184,92,185,96,188,99,226,99,229,98,231,91,245,92,255,90,257,88,258,85
43,78,44,90,45,92,55,95,57,99,60,101,69,102,75,100,78,96,78,84,76,79,71,73,53,72,50,73,49,75,47,75
102,272,101,272,100,268,75,270,65,269,60,271,57,271,57,273,54,276,54,285,58,285,59,289,64,290,80,290,94,288,102,283
47,540,46,561,49,565,56,565,57,567,63,567,76,564,80,562,84,558,84,555,85,554,85,543,83,543,82,540,65,536,59,536,59,538,53,537
143,550,143,565,144,569,148,576,152,580,161,584,193,584,194,581,197,580,201,575,201,555,199,549,194,544,152,543,146,545
