600,0,601,5,607,8,618,10,624,10,626,11,637,11,639,10,639,0
602,12,594,18,591,24,591,35,594,41,600,44,602,46,612,50,639,51,638,6,625,6,616,8,615,10,610,10
620,129,618,126,612,123,609,122,594,122,587,124,560,125,556,126,550,131,550,139,553,141,553,145,555,145,557,147,587,148,590,150,615,148,619,146
620,128,615,133,615,143,625,148,639,148,639,126,628,126
503,138,504,146,506,149,513,151,549,151,554,150,560,145,560,138,558,137,558,131,545,130,525,128,511,129,506,132
324,148,322,151,322,158,329,165,335,168,351,168,356,166,362,160,363,150,361,148,358,146,332,145
320,154,314,148,306,145,290,145,286,146,275,146,267,145,246,146,240,149,237,151,238,166,236,168,236,180,240,183,255,184,287,183,295,181,306,181,313,179,314,178,318,177,320,174
90,164,90,172,92,176,98,178,105,178,158,178,165,176,194,176,194,174,195,173,195,165,185,158,163,159,156,158,98,158,94,158
13,160,11,163,11,173,15,177,27,179,40,179,47,176,49,173,49,164,46,158,31,158,30,156,20,156
292,158,290,158,289,156,240,157,240,168,238,170,239,181,245,183,256,183,286,183,293,181,295,180,295,169,295,166,292,165
115,176,115,186,118,188,120,189,142,189,145,190,156,190,160,190,165,185,165,177,162,175,158,174,157,173,123,173,119,173
0,216,0,240,43,241,50,238,54,238,55,223,53,220,50,218,45,216,36,216
47,224,45,238,47,238,52,241,56,243,69,243,73,241,75,241,76,228,72,225,65,223,55,223
70,228,70,231,68,231,68,241,75,245,93,246,106,245,110,244,110,230,107,227,95,225,80,225
45,223,45,228,44,230,44,238,45,238,50,242,55,243,70,243,74,246,82,246,102,246,103,248,109,249,112,251,120,251,125,252,153,252,160,248,161,245,160,235,155,230,140,229,125,229,122,228,110,228,106,226,95,225,75,225,73,223,65,221,54,221
103,230,102,245,104,245,104,248,110,248,113,250,120,250,126,251,152,251,155,250,160,246,160,238,159,234,155,231,140,230,124,230,121,228,108,228
68,246,68,255,71,257,77,258,85,258,87,260,110,259,118,258,122,254,122,244,117,244,111,242,74,242,71,243
