297,28,297,36,299,38,305,41,327,41,333,40,336,36,336,27,330,24,303,24
310,158,307,152,302,148,294,146,255,146,250,148,245,148,238,153,220,152,162,154,141,158,139,162,135,164,135,176,143,176,143,183,145,183,146,186,148,186,150,189,154,191,158,191,164,193,180,193,189,194,220,194,231,193,234,191,242,191,247,188,250,187,257,183,270,185,292,185,303,182,309,177,310,173
337,160,338,176,341,177,345,181,352,185,358,186,428,186,440,185,443,186,455,187,491,187,494,186,497,186,502,182,502,168,499,163,496,156,491,154,360,154,352,155,349,157,341,157,341,160
320,196,320,204,325,207,349,207,350,208,359,208,360,207,366,206,369,203,369,198,367,195,365,194,326,194
119,215,121,215,125,218,149,217,150,216,158,216,167,212,169,210,168,201,142,200,139,199,124,198,124,200,120,202,119,207
310,226,307,223,301,221,280,221,274,222,269,227,264,230,245,232,244,233,229,234,220,236,215,240,215,251,219,253,225,254,228,255,245,255,262,252,272,251,275,250,280,250,285,247,298,246,309,238
98,223,95,226,90,235,90,257,91,260,95,263,105,263,110,260,112,256,113,226,110,223
312,245,312,253,314,254,332,255,346,256,356,256,362,258,379,258,382,255,381,240,379,238,365,238,358,237,346,233,323,232,317,235,316,243,314,243
517,235,515,232,510,231,485,231,450,236,428,237,425,238,424,242,424,251,425,253,435,256,487,256,494,254,511,252,517,247
308,260,304,256,288,256,279,260,270,260,260,263,255,263,247,266,247,273,255,276,284,275,290,273,300,273,307,270
350,263,350,271,351,273,359,275,386,276,396,274,413,273,414,271,414,263,412,260,409,259,391,260,385,258,359,258,354,259
245,266,243,264,240,263,205,263,200,265,200,273,208,275,241,275,245,272
206,264,201,261,154,261,150,263,145,265,140,269,140,277,144,280,148,281,166,281,189,279,192,277,200,276,206,274
408,264,407,273,409,273,411,275,448,276,452,275,452,268,450,266,448,265
520,271,516,268,511,267,495,267,485,270,459,271,454,273,454,281,458,284,515,283,520,279
