446,46,442,41,438,38,428,38,426,34,415,34,410,33,377,33,353,37,349,37,346,36,339,36,337,35,306,35,305,36,289,36,286,38,281,38,278,40,270,40,266,41,254,41,248,43,243,43,234,45,220,51,218,56,215,58,214,63,215,91,220,95,221,97,231,101,244,104,275,104,291,101,340,100,341,101,366,101,368,98,372,97,390,96,391,95,406,95,415,93,420,93,425,92,430,90,431,88,435,86,440,83,440,81,442,80,442,78,446,71
503,50,503,58,502,60,500,60,499,67,497,68,496,72,497,93,499,94,499,100,500,101,510,106,513,109,519,111,534,111,540,110,545,108,550,102,552,97,555,94,557,88,559,88,559,79,555,74,553,66,550,63,549,61,541,55,529,50
350,89,350,94,348,97,348,104,350,106,358,108,400,108,408,106,412,101,412,91,410,88,406,86,390,86,390,84,375,84,375,85,356,86
292,104,292,111,294,111,294,115,300,116,335,117,347,116,353,113,357,107,356,97,349,95,300,96,295,99
250,110,250,120,253,121,259,123,292,121,298,119,301,115,301,109,299,105,259,105,253,106
506,128,505,142,507,145,510,147,527,149,540,149,547,147,552,144,551,131,541,125,531,124,513,124,510,125
90,173,90,181,95,184,121,184,125,183,130,181,130,173,124,170,99,170,94,170
134,175,134,183,138,185,175,185,179,184,180,182,180,176,175,173,137,173
75,184,66,190,67,203,75,207,87,206,91,205,97,200,99,196,98,188,91,185
520,236,516,239,512,241,510,245,510,258,514,265,526,270,547,271,554,261,553,244,544,237,535,235
474,240,468,238,459,238,436,243,430,247,430,258,436,261,453,261,468,257,474,253,475,250,475,243
264,358,263,368,265,370,270,373,286,373,288,374,318,374,325,372,325,360,318,356,288,357,283,355,270,355
263,361,263,368,265,371,270,374,320,374,324,376,336,376,341,372,341,361,335,357,289,357,284,355,270,355,264,358
