350,82,350,94,352,100,358,104,366,106,413,106,424,101,428,96,427,85,424,81,416,78,385,78,374,78,369,76,356,76,353,78
340,103,334,100,320,100,315,103,260,105,253,111,252,123,255,127,259,130,264,132,286,133,313,131,319,129,324,126,333,123,336,120,338,120,340,116
330,116,325,116,324,104,299,103,289,105,260,105,253,111,252,123,255,127,259,130,264,132,286,133,297,131,309,131,317,130,324,126,330,125
137,128,134,124,125,121,114,121,107,123,96,122,88,123,80,128,80,141,84,144,93,146,129,146,136,141
320,135,320,145,322,146,327,148,345,148,351,146,355,143,355,136,353,133,348,130,328,130,325,131
355,139,355,145,356,147,362,150,380,151,385,148,388,144,387,136,384,134,380,133,363,133,359,135
55,163,56,175,62,180,68,181,123,181,129,180,145,180,151,178,157,173,157,163,155,160,149,156,143,155,125,155,122,153,107,154,105,153,93,153,92,154,76,153,68,155,60,157
333,173,332,181,334,183,334,186,342,188,355,188,360,186,365,183,365,175,363,172,358,170,342,169,335,171
319,175,315,180,316,192,324,195,331,195,336,193,340,187,340,175,322,174
64,188,62,191,62,198,67,203,74,206,93,205,99,203,104,198,104,190,99,186,93,184,76,183,69,185
106,186,105,189,103,190,103,199,106,203,110,205,128,204,133,200,134,198,134,191,132,188,128,184,125,183,112,183
449,210,445,206,441,205,405,205,402,208,402,219,406,223,411,224,440,224,446,222,449,220
450,213,450,222,452,224,458,226,482,226,486,226,492,222,492,213,486,209,458,208,452,210
130,215,131,227,137,229,153,230,163,228,198,228,204,225,204,214,200,211,191,210,138,210,135,211
486,217,486,223,490,226,495,228,515,228,525,225,525,216,517,211,497,211,492,212,488,215,488,216
80,216,80,228,85,228,86,230,129,230,138,226,138,215,131,211,125,210,90,211,86,212
571,215,565,211,560,211,525,212,520,215,518,215,518,225,522,229,528,231,565,230,571,228
565,215,565,228,575,230,588,230,594,228,597,225,597,217,591,213,573,213,567,215
0,214,0,230,4,232,11,233,14,235,42,236,76,235,77,233,84,233,84,231,89,228,88,216,83,213,28,213,22,212,5,212
3,241,3,253,5,255,10,260,17,261,38,261,43,260,54,261,71,261,86,259,103,258,147,259,162,256,170,251,170,250,171,248,171,235,168,234,160,228,151,226,50,226,41,227,39,231,32,228,13,228,9,231,9,233,5,236
170,230,161,236,161,246,175,253,189,253,192,251,198,245,198,235,195,232,190,230,185,228,176,228
0,210,0,234,3,235,1,240,1,253,5,258,15,262,39,262,43,261,52,262,72,262,87,260,104,259,148,260,163,256,170,252,170,250,172,249,172,233,169,233,163,228,157,226,93,225,91,213,86,211,82,210
408,386,408,395,405,398,405,406,411,411,420,415,430,415,433,413,445,412,450,407,450,397,448,395,447,383,444,381,440,380,422,380,414,381
380,384,373,390,373,406,375,408,381,412,404,412,411,405,411,398,409,394,409,390,406,386,404,384,397,382,387,382
