296,131,295,151,302,160,308,163,318,165,336,165,345,162,353,155,353,133,349,127,340,122,330,120,309,120,301,124
424,168,417,174,412,181,413,217,415,223,420,228,432,230,448,229,453,224,455,215,456,214,456,183,453,174,449,170,445,168
197,183,193,195,193,210,196,213,200,213,202,217,211,218,230,225,245,225,248,224,250,221,250,220,255,216,256,210,258,208,258,186,253,180,241,176,227,176,220,178,210,178
442,227,435,235,434,244,430,250,430,276,432,280,434,287,439,292,459,293,465,287,470,278,471,269,473,265,473,237,468,230,462,227
190,235,184,238,179,247,179,272,182,279,190,285,205,285,213,277,216,268,216,241,211,235,209,235
434,286,427,289,421,293,415,300,412,310,412,322,416,338,424,346,432,350,443,350,450,347,455,341,457,336,457,330,459,326,459,307,453,290,450,290,449,286
210,295,202,300,200,306,199,321,200,336,204,343,209,347,225,348,232,342,237,332,239,321,238,303,235,298,228,294
384,333,378,335,373,340,367,352,367,369,369,379,371,385,378,391,396,391,406,381,410,367,410,351,407,340,401,335,398,333
260,335,255,338,249,345,250,368,255,387,260,390,269,390,273,388,277,380,279,365,281,357,281,345,279,337,275,335
320,349,314,352,308,360,306,366,306,380,310,395,315,404,320,407,332,407,340,403,348,386,350,380,349,366,346,358,341,351,335,349
205,510,205,543,208,545,210,551,223,558,232,559,239,561,268,564,272,565,316,565,322,562,405,564,425,561,441,550,447,540,447,510,446,506,441,498,434,493,428,493,413,488,407,488,403,486,320,486,316,488,300,488,294,486,265,486,257,488,249,488,226,491,221,493,220,495,216,495,210,500
