77,44,78,54,80,55,84,56,125,56,126,57,182,57,195,57,195,59,233,59,248,59,251,58,254,54,254,45,253,44,249,42,239,41,208,41,202,42,195,42,192,43,155,42,151,41,149,40,138,40,136,41,131,41,127,40,89,39,81,40,79,41
252,49,252,56,253,58,256,59,280,59,289,59,318,59,322,58,322,50,314,47,275,48,268,47,256,47
316,50,316,58,324,60,341,60,356,59,363,60,392,60,400,58,400,50,393,48,321,48
395,50,395,58,400,59,425,59,427,57,428,56,427,50,424,49,402,48
82,57,82,64,83,66,88,67,102,67,105,68,137,68,139,69,160,68,162,69,168,70,187,70,188,69,190,70,230,70,231,69,247,68,250,66,250,57,248,55,245,53,196,53,195,54,188,54,180,54,177,54,163,54,159,53,139,52,139,51,126,51,109,53,89,53,85,54,82,55
247,59,247,66,250,68,253,69,309,69,335,70,347,70,350,69,388,69,393,68,429,69,433,68,434,67,434,59,432,57,429,56,389,57,378,56,378,55,362,55,359,56,297,56,252,55,250,56
248,59,248,66,250,68,253,69,309,69,320,70,347,70,350,69,360,69,388,69,397,68,396,58,389,57,378,57,378,56,363,56,360,57,297,57,253,56,250,57
389,59,389,67,396,68,428,68,432,67,433,66,433,60,431,58,428,57,396,57
80,55,80,66,83,68,95,68,96,77,98,78,102,80,151,80,153,81,202,82,229,81,232,81,234,79,235,70,246,70,249,70,251,68,251,56,250,54,247,52,194,51,194,52,182,53,179,52,165,52,161,51,141,51,141,50,124,50,107,52,87,52,83,53,80,54
98,68,98,75,100,77,104,78,152,78,155,79,171,79,176,80,213,80,226,80,229,79,231,77,231,68,229,64,197,63,196,63,158,64,157,63,139,63,134,64,124,63,123,63,105,63,102,63
265,70,266,77,268,79,272,79,289,79,293,80,345,79,350,78,350,69,345,68,307,67,291,68,283,67,271,67,268,68
344,69,344,78,348,80,369,80,371,79,408,80,412,79,415,78,416,77,416,70,414,68,410,68,348,68
0,100,0,172,13,172,17,170,18,168,19,160,20,157,21,141,20,137,18,136,18,125,16,122,16,112,14,106,13,104,6,100
