439,94,429,100,425,111,420,115,420,126,422,128,423,135,427,135,437,145,445,148,456,148,457,146,460,146,466,143,471,136,475,135,476,132,476,113,474,111,474,107,471,102,465,96,460,94
399,105,390,109,390,111,385,123,385,133,387,138,390,141,390,150,395,153,395,156,420,156,422,153,426,144,426,141,431,135,431,121,430,121,430,115,425,113,421,107,419,105
478,110,470,114,470,123,468,124,468,130,470,131,470,134,472,135,480,146,490,146,492,144,494,144,494,142,497,137,497,133,500,125,500,118,497,113,491,110
505,134,501,135,495,139,493,153,493,165,495,170,495,178,500,184,505,188,505,200,504,206,504,217,505,225,513,225,520,230,531,230,540,220,541,182,540,179,535,175,534,153,531,150,530,142,525,135,520,134
355,140,351,146,350,162,352,168,360,178,365,180,384,180,392,178,399,173,399,166,402,165,403,150,399,148,399,143,395,142,395,140,383,136,368,136
475,153,469,149,456,148,444,148,432,150,425,148,392,150,391,173,398,179,407,181,409,182,410,186,415,188,428,188,437,190,465,189,465,188,469,185,470,183,470,167,473,166,473,163,475,162
475,154,469,150,456,148,445,148,433,151,430,151,425,149,393,150,392,173,400,180,409,181,420,181,420,187,438,190,465,189,465,188,469,185,470,183,470,167,473,166,473,163,475,162
464,154,464,161,463,163,460,164,460,166,459,166,459,173,462,176,462,179,471,180,472,185,480,185,485,181,494,180,504,176,504,164,502,158,495,158,488,156,474,156,472,154
392,150,391,174,398,180,407,181,409,183,410,187,415,189,428,189,437,190,465,190,465,188,470,186,470,187,483,187,488,183,496,182,506,178,506,163,505,157,497,157,490,155,476,155,470,149,457,148,444,148,432,150,425,148
406,220,406,230,409,232,414,233,473,233,483,233,486,231,489,229,488,218,484,216,475,215,433,213,419,216,411,216
532,220,524,220,520,218,507,218,505,221,500,226,493,239,493,253,495,259,497,261,497,266,499,267,499,269,508,269,509,268,521,268,527,264,530,256,532,246
430,231,430,240,435,243,460,243,465,240,465,231,460,229,440,228,439,229,433,230
502,248,477,249,472,251,472,252,470,254,469,268,467,268,467,275,465,276,465,283,468,284,470,293,476,296,495,296,500,291,503,286,504,278,507,270,507,262,505,259,505,255,502,253
440,260,437,261,430,266,427,272,427,286,429,288,430,293,434,302,437,305,440,306,455,305,461,302,462,300,466,296,467,290,470,287,470,283,475,281,475,273,470,273,470,268,467,266,467,265,465,264,461,261
