446,21,463,20,472,18,475,17,494,14,495,10,495,0,448,0,445,5
639,8,613,10,610,14,610,23,611,28,631,27,639,25
453,8,435,8,414,17,400,21,397,25,397,33,399,39,415,39,431,32,444,30,447,27,450,27,455,21,455,13,453,11
401,13,397,11,388,11,368,19,350,29,350,39,365,39,399,25,401,21
619,21,616,19,615,17,604,17,596,18,587,22,587,32,590,34,604,34,615,31,615,30,619,28
469,22,467,21,454,21,450,22,439,23,425,34,425,43,438,43,453,39,457,39,469,31
639,18,630,18,625,21,615,21,612,24,607,25,602,28,597,34,597,44,600,45,600,50,610,54,619,54,623,52,624,51,639,50
405,25,390,26,384,28,380,28,377,30,368,31,360,35,355,41,356,53,360,56,370,56,383,53,385,52,390,51,390,49,399,48,406,39,406,30,405,29
428,36,415,35,406,39,400,44,400,52,403,53,411,53,419,50,422,50,428,46
464,36,459,34,450,34,416,45,412,50,412,59,414,60,414,62,430,62,447,56,454,56,459,54,464,49,465,47
606,34,580,33,553,39,550,43,546,50,546,60,549,65,554,69,565,69,580,65,594,66,595,65,598,65,608,51,608,42
639,43,623,45,622,47,615,47,613,48,610,48,610,62,613,65,620,65,620,67,636,68,639,65
581,62,581,82,595,81,599,88,603,91,639,90,639,59,634,59,633,60,621,62,620,58,618,56,617,54,605,54,594,57,584,58,584,60
588,75,575,74,566,77,557,84,558,99,561,100,571,100,581,96,588,87
612,224,612,232,614,234,614,239,635,238,639,234,639,226,636,223,633,221,620,221
639,224,637,221,634,220,618,220,614,221,582,221,578,225,578,229,576,229,576,239,571,242,565,242,564,247,564,259,568,261,606,261,612,260,618,255,630,255,637,251,639,248
140,514,140,522,145,527,154,528,170,528,178,525,180,521,180,512,173,509,148,508,144,510
