73,14,67,17,60,26,61,69,63,72,70,76,73,80,80,81,81,82,103,81,107,79,115,71,117,67,118,55,121,52,121,42,120,40,119,31,117,31,117,25,112,23,111,19,100,15
201,98,200,107,202,110,206,112,232,113,240,113,242,112,244,109,244,99,242,96,240,95,209,95,205,96
255,109,255,117,257,121,262,122,290,121,294,120,295,117,295,108,292,106,279,104,261,104,257,106
190,115,190,124,188,125,188,135,193,139,203,141,216,141,225,143,246,142,252,141,255,139,255,130,253,128,255,126,255,116,250,113,237,110,218,110,200,112,194,113
420,157,420,182,424,186,430,189,445,189,446,187,450,187,461,190,469,190,481,192,497,192,502,190,508,190,535,190,544,188,545,183,550,183,556,181,557,177,559,175,566,175,571,174,574,172,574,161,571,158,566,158,541,158,540,157,534,156,511,156,498,157,490,155,466,156,452,154,426,154,421,155
281,175,280,173,276,171,258,171,253,172,187,172,177,176,175,176,174,190,185,193,197,194,219,193,228,195,245,195,255,193,267,190,270,187,275,187,281,183
339,173,332,177,331,181,329,186,329,197,333,206,337,208,343,209,344,210,360,210,368,209,374,206,380,197,380,181,377,179,375,175,369,171,343,172
103,178,99,180,95,183,95,187,92,195,92,225,97,231,112,231,119,225,120,182,118,180
306,220,305,223,305,229,302,234,303,267,305,268,308,271,311,273,313,276,320,280,323,282,365,281,370,279,371,277,386,277,396,274,400,269,400,229,398,224,396,223,396,220,393,218,377,217,375,215,372,214,316,214
305,219,304,223,304,229,301,233,302,267,305,268,307,271,310,273,312,276,319,280,322,282,365,281,370,279,371,277,386,277,396,274,400,269,400,229,398,223,396,222,396,220,393,217,377,217,375,214,372,214,356,214,355,206,336,206,334,208,333,214,315,214
603,280,600,276,598,274,584,271,519,272,512,274,457,273,450,274,444,277,442,280,442,294,446,298,451,299,487,302,512,302,515,304,528,304,535,301,561,301,569,300,590,301,598,298,601,295,603,291
348,302,345,306,345,320,346,323,345,327,345,335,346,336,348,339,348,373,350,375,360,375,364,371,365,367,365,328,363,324,364,306,363,304,359,302
277,316,276,325,281,330,300,330,301,332,311,332,313,332,314,329,320,329,320,317,318,316,318,311,314,311,310,310,292,310,283,312
324,317,321,320,317,320,317,322,315,325,315,340,316,341,310,344,310,354,312,357,318,360,334,360,339,359,343,355,343,345,340,342,340,322,337,322,334,319,334,317
537,325,534,329,533,340,531,345,532,359,535,364,540,367,564,367,575,366,580,362,584,355,584,343,580,338,577,336,575,327,571,325,560,323,543,323
310,345,310,354,313,357,319,360,334,360,339,359,343,355,343,345,339,342,339,341,331,341,329,342,326,342,325,341,318,341
450,389,450,399,453,402,457,403,512,404,522,399,522,389,515,385,457,385,454,386
599,391,595,386,586,384,569,384,554,385,523,385,515,389,515,399,524,403,591,403,595,402,598,400
85,395,80,397,70,405,70,421,71,422,73,427,75,429,75,434,78,435,87,435,88,440,90,441,103,441,105,436,110,436,111,434,115,434,115,432,120,431,120,430,124,428,124,426,128,424,130,413,130,403,127,400,119,397,115,397,114,396,109,395
