440,95,440,105,448,108,487,110,491,108,493,106,493,93,488,90,450,90,446,91
407,117,407,125,412,126,412,132,420,133,422,136,486,136,488,135,499,134,504,130,504,120,502,116,499,115,488,115,483,113,462,114,450,112,412,112
500,135,496,132,486,131,467,132,466,136,451,136,450,135,429,134,428,141,425,143,414,143,409,145,408,155,410,156,426,156,434,158,469,159,495,158,498,158,500,156
409,148,409,155,410,156,427,156,435,158,470,159,495,158,498,158,500,156,500,140,499,138,477,138,474,136,461,136,460,138,451,137,450,135,430,135,429,142,426,143,415,143,410,146
539,139,533,145,530,150,531,159,535,162,539,167,547,172,571,171,580,165,582,160,585,160,586,156,586,149,585,148,584,146,584,138,578,138,575,136,575,135,564,135,563,136,560,136,559,135,548,135
146,250,146,260,150,263,180,263,185,262,189,258,189,252,186,248,183,245,178,245,177,244,169,244,168,243,165,242,156,242,156,245,152,245
143,271,143,283,145,286,150,288,181,288,185,286,190,281,190,270,185,266,179,265,148,265
440,337,441,350,444,353,450,355,460,355,487,358,503,358,512,355,516,352,517,350,517,336,515,334,508,331,499,330,488,330,482,328,462,329,449,331,445,333
445,362,445,370,448,373,466,374,470,373,472,371,472,365,469,362,465,361,447,361
461,380,460,389,465,393,470,395,485,395,490,392,491,383,486,378,481,376,465,376
380,385,367,385,364,388,359,388,355,391,352,396,353,417,351,418,350,431,349,433,347,441,347,453,352,460,352,461,368,461,368,460,370,460,371,458,375,458,378,455,378,452,380,451,380,446,382,443,385,443,386,447,392,450,405,450,409,448,410,445,410,427,407,422,400,417,396,417,395,415,391,415,391,413,394,412,395,406,396,404,395,391,388,390
