188,121,188,131,191,133,198,136,247,136,276,135,281,133,285,130,285,118,281,115,273,113,232,113,218,111,197,111,191,115
194,122,183,120,162,120,159,121,130,121,125,126,125,136,129,141,135,142,159,142,166,140,183,140,193,136,195,134
119,206,119,213,124,216,155,217,160,215,160,206,156,203,152,202,125,202,122,203
358,220,358,228,366,234,393,233,399,230,399,219,396,216,393,214,367,213,365,214
112,246,111,256,114,258,117,260,133,260,138,257,139,248,135,245,131,243,118,243
145,259,145,265,148,268,153,270,172,270,178,269,177,256,173,255,151,255,147,256
172,256,171,269,180,272,205,271,209,270,210,268,210,259,206,256,195,255,179,255
526,466,526,476,534,479,587,479,592,478,598,475,598,466,590,463,535,463
592,466,592,475,600,478,625,478,630,475,630,467,625,465,605,464
533,466,519,464,475,465,472,468,472,475,474,477,484,479,526,479,533,476
