425,70,420,65,415,64,385,64,378,66,366,74,361,74,353,77,347,78,340,82,337,86,337,105,342,108,349,111,375,111,385,108,395,102,415,101,422,98,426,93,428,88,428,76
490,123,486,127,485,137,475,141,471,145,471,163,473,166,478,170,488,173,489,186,493,191,500,192,503,195,530,195,531,193,556,193,565,191,568,186,570,181,576,176,580,171,580,154,576,148,573,147,569,145,569,131,565,127,563,125,558,125,555,123
329,181,321,175,309,171,260,171,251,173,239,179,235,184,231,186,217,186,205,190,200,192,196,197,178,197,170,199,163,205,163,221,167,226,173,228,203,228,210,226,213,223,216,221,243,221,263,216,289,216,307,216,320,213,329,206
475,187,475,199,479,202,482,203,501,204,508,208,534,208,544,215,573,215,576,214,580,210,580,198,578,195,575,194,545,193,539,188,532,186,510,186,510,184,507,183,500,182,480,183,477,185
52,247,52,256,55,259,61,261,74,262,103,261,110,260,113,256,113,248,110,245,105,243,78,243,69,244,59,244,54,245
44,267,44,275,51,280,74,279,88,281,105,281,115,279,117,276,117,270,114,265,47,265
48,277,48,286,54,288,110,289,114,286,114,279,110,275,95,276,81,274,51,274
59,288,59,296,62,298,70,298,75,299,100,298,104,296,104,290,101,287,99,286,72,286,61,287
33,297,33,306,35,308,64,310,120,310,125,308,125,299,121,296,100,296,93,295,35,295
481,333,482,343,485,345,491,346,569,346,575,343,575,341,577,340,577,333,571,329,494,329,485,330
514,405,514,415,520,418,545,418,550,416,554,412,553,404,549,402,521,401,518,402
0,424,0,446,9,446,14,445,18,441,19,431,15,427,11,425
