110,7,110,20,114,23,124,26,140,26,149,25,153,22,153,9,151,6,147,3,138,2,121,2,114,4
112,29,112,36,116,39,119,40,141,40,145,39,149,36,149,29,146,26,144,26,120,25,115,26
165,197,165,210,171,215,177,217,220,217,223,216,226,217,245,217,248,218,278,218,286,213,290,206,290,198,286,192,284,191,275,189,259,189,249,190,245,189,178,189,173,190,166,194
64,194,59,196,53,201,52,212,63,219,76,220,85,215,88,212,88,203,82,196,79,195
25,199,19,201,13,206,13,220,24,227,41,227,45,225,52,219,52,215,54,213,54,207,51,207,51,205,49,202,42,199
405,213,405,225,414,231,431,231,439,230,440,231,456,231,465,228,470,225,470,215,467,212,462,209,455,208,419,208,408,210
408,231,408,239,410,241,414,243,430,242,434,241,437,242,461,242,465,242,468,239,468,231,467,229,463,228,450,227,434,228,430,226,416,225,411,227
415,278,415,286,417,289,422,291,451,291,460,289,464,286,464,277,460,275,456,274,425,273,418,275
546,280,546,288,548,291,553,293,612,292,615,291,619,288,619,279,617,276,612,275,555,275,550,276
141,296,126,296,119,297,113,301,109,306,108,320,113,327,120,331,136,331,145,328,148,325,148,323,150,320,151,303,150,300
493,338,488,335,474,334,468,335,465,336,462,335,445,335,433,340,433,354,437,357,445,359,458,359,462,358,488,358,493,354,495,342
486,350,486,362,495,369,510,370,534,370,538,368,542,364,542,354,536,350,528,349,493,348
