605,0,605,4,602,5,602,11,605,11,605,17,618,17,626,18,639,18,639,0
458,29,460,34,463,36,475,36,478,38,479,43,483,46,509,46,518,45,525,41,526,38,558,36,560,35,565,35,580,33,587,29,592,28,595,26,595,15,590,14,589,13,595,12,595,9,612,9,612,0,497,0,496,1,490,1,485,3,480,3,465,7,461,10,458,15
335,135,335,145,340,148,375,148,379,146,384,142,383,131,375,128,344,128,340,129,336,131
507,129,504,133,504,143,506,147,510,150,516,150,519,151,533,151,541,145,543,141,543,135,540,129,534,125,520,125
305,143,305,151,310,154,335,155,337,154,340,151,340,141,335,139,327,138,316,138,313,140,308,140
209,148,208,161,214,165,222,168,235,169,255,169,261,166,267,160,266,149,265,146,260,144,217,143,214,144
131,161,131,169,133,171,138,175,145,177,163,178,183,178,191,175,194,172,194,160,191,158,188,156,186,155,180,155,173,153,169,150,146,150,137,155
91,164,83,173,83,179,86,185,94,186,107,186,114,184,119,180,119,170,117,168,115,168,110,165,102,163
208,194,201,188,196,187,146,188,140,190,136,194,135,206,137,209,144,213,199,211,203,210,207,205
233,198,234,207,240,211,249,211,255,213,270,213,280,210,281,208,281,199,279,195,276,194,249,192,240,193,235,195
260,253,260,259,264,261,270,262,292,262,299,260,301,258,300,249,295,246,277,246,262,251
