302,0,301,19,303,22,308,25,309,34,314,38,323,40,324,42,324,44,305,44,301,47,299,51,299,69,302,72,307,75,307,83,308,86,311,88,315,89,322,90,351,90,356,89,362,84,382,84,386,83,389,78,398,79,430,79,432,77,436,77,439,73,440,70,440,51,449,50,454,47,456,43,455,21,450,17,444,15,440,15,439,14,443,8,443,0
304,0,303,2,303,18,305,20,310,24,311,33,316,36,325,39,327,43,333,49,357,50,357,53,360,55,361,61,363,61,363,70,365,71,367,73,367,77,387,77,388,76,400,77,428,77,430,76,434,75,437,71,438,68,438,52,436,49,433,47,421,43,421,33,419,32,418,30,414,26,414,24,422,22,425,22,426,21,434,18,441,7,441,0
306,0,304,3,304,17,306,20,311,23,312,32,317,35,326,38,328,42,335,48,358,49,358,52,361,54,363,60,380,60,381,57,419,57,419,49,420,47,420,34,417,33,417,31,413,27,413,23,410,23,424,21,425,20,432,17,440,6,440,0
399,27,399,35,404,36,404,38,406,39,406,42,408,44,416,44,419,45,436,45,444,43,446,41,448,38,448,29,447,27,442,23,436,21,428,20,414,20,411,21,404,21,404,26,402,27
334,51,334,56,338,57,339,59,339,62,353,62,361,61,367,61,372,57,374,54,374,48,369,44,359,43,356,42,342,43,337,46
432,55,428,51,422,49,416,47,414,45,405,45,404,48,378,49,377,50,371,50,369,55,369,66,371,67,373,69,373,73,382,73,382,72,399,72,406,73,423,73,425,72,429,71,432,67
342,48,335,48,334,51,313,51,309,54,307,57,308,64,312,67,319,69,337,69,337,67,343,67,343,64,345,62,345,55,343,53
382,64,378,62,377,60,370,60,369,59,347,58,341,62,336,62,336,63,333,64,319,64,316,68,315,72,315,78,316,80,322,83,330,84,346,84,348,83,354,78,375,78,378,77,382,71
183,57,166,56,157,60,144,61,137,63,135,64,135,65,130,68,126,74,127,96,130,100,126,104,126,118,128,121,128,128,131,131,140,133,160,133,160,132,164,132,164,130,171,129,176,129,184,124,185,115,188,113,188,110,190,107,190,97,188,92,190,88,191,63,186,58
444,91,442,88,438,85,435,84,414,84,391,86,365,87,361,89,358,94,355,96,319,95,316,96,309,101,309,115,312,118,316,120,325,121,327,122,341,122,343,120,363,121,365,119,366,116,371,116,371,115,373,114,390,114,393,113,394,112,399,112,400,113,415,113,416,112,420,112,421,114,437,114,443,107,444,105
441,115,439,111,436,108,436,106,421,106,421,105,405,105,404,106,401,106,401,105,388,105,388,106,363,106,361,106,361,107,360,108,358,110,355,110,354,112,338,112,337,114,328,114,324,115,322,117,320,117,320,125,317,125,317,135,324,135,331,137,354,137,360,136,368,131,401,131,404,132,430,132,440,126
442,115,440,111,437,108,437,106,422,106,421,105,405,105,404,106,402,106,401,105,388,105,388,106,363,106,361,106,361,107,360,108,358,110,355,110,354,112,338,112,337,114,328,114,324,115,322,117,316,118,317,136,324,136,331,137,355,138,360,137,369,132,401,131,404,132,430,132,438,128,442,125
222,300,220,301,217,305,217,312,218,317,217,326,217,336,218,341,220,343,224,344,232,344,236,343,238,341,239,338,239,328,237,323,235,302,233,301
