313,44,313,54,315,58,315,60,329,60,329,59,337,59,339,55,339,44,338,42,334,40,319,40,315,40
312,58,312,70,315,74,332,75,336,74,340,70,340,59,337,55,315,53,315,55
11,62,11,73,13,76,17,79,17,80,30,80,31,78,38,76,40,73,40,63,37,59,16,58
9,109,9,120,11,123,14,125,28,125,31,123,33,120,33,111,30,105,13,105
308,118,308,130,310,135,315,140,320,141,335,141,340,140,344,135,345,121,343,116,340,113,335,111,316,111,312,113
7,125,7,135,10,139,13,140,26,140,30,139,32,135,32,127,29,123,26,123,24,121,14,121
7,142,7,152,9,155,24,156,29,153,29,145,28,142,26,140,21,139,10,140
257,370,258,386,259,389,267,395,324,396,328,395,350,396,360,390,362,385,362,372,360,365,357,363,351,360,332,361,309,360,266,360,261,361,258,365
267,400,268,417,269,420,275,423,346,423,353,420,357,414,357,398,351,391,340,391,321,386,276,386,269,393
9,420,0,420,0,469,4,469,11,465,13,462,20,456,23,448,23,434,18,425,15,421
