550,128,551,138,558,140,593,139,600,138,605,136,605,128,601,125,596,124,563,124,555,125
611,127,610,134,615,136,620,137,639,137,639,125,621,124,616,125
412,126,405,124,402,122,400,119,398,118,392,116,391,113,387,112,386,111,357,112,345,116,335,123,335,128,330,130,329,131,329,142,334,145,340,146,377,147,399,145,415,141,415,134,410,134,412,133
171,125,170,127,170,137,171,140,174,143,180,143,182,146,185,147,191,147,195,149,201,150,224,150,233,149,235,146,237,145,238,132,235,130,229,128,225,125,220,123,200,122,198,123,193,124,176,124
285,156,285,170,292,174,301,176,338,176,382,174,385,174,390,171,395,165,395,157,392,154,385,151,380,151,299,150,291,152,286,154
93,161,90,158,84,156,23,156,17,157,15,159,12,162,12,169,15,172,20,176,27,178,46,178,53,176,80,175,87,173,92,170
576,163,573,161,568,160,534,161,527,163,519,164,513,168,513,176,517,180,524,182,536,182,545,181,548,179,568,179,573,177,576,173
210,199,210,207,218,211,248,210,252,209,254,207,254,199,251,197,245,196,215,196
365,240,362,244,363,262,368,264,384,265,402,265,407,264,410,262,412,260,412,251,408,243,405,240,401,240,395,237,375,237,368,238
0,282,0,297,15,297,22,296,22,293,25,290,25,285,22,285,18,283,15,282
15,285,15,297,24,300,39,300,55,300,59,299,64,300,95,300,100,299,104,296,104,288,100,285,96,284,64,284,59,285,56,284,24,283
57,285,57,290,55,291,56,298,64,299,95,299,100,298,103,296,103,288,100,285,95,284,64,284
