412,108,405,97,395,95,393,91,385,89,358,88,355,87,307,86,302,88,290,88,285,89,268,89,264,88,195,87,191,90,179,90,172,93,170,93,160,100,153,103,150,108,147,110,143,119,143,146,145,154,149,158,149,161,152,162,152,165,158,167,159,169,164,170,165,171,170,172,176,176,279,176,284,174,304,174,311,176,359,176,369,171,370,170,373,170,375,168,393,167,399,163,402,163,404,161,404,159,408,157,413,144
215,297,214,314,215,319,227,325,234,326,250,327,280,326,286,324,290,320,291,301,287,296,277,291,272,290,240,290,222,292,216,295
215,344,215,359,219,364,226,368,291,369,315,369,324,366,328,362,330,358,330,344,327,337,322,334,309,332,231,333,220,337,218,339
445,354,445,364,447,369,465,374,501,374,508,371,512,365,511,353,509,351,500,348,480,348,475,346,457,347,449,350
440,370,440,382,448,388,462,391,506,392,511,390,515,387,515,376,513,373,505,371,501,368,473,368,465,367,462,365,452,365,441,368
222,379,223,397,227,401,239,404,307,403,317,399,320,396,321,394,321,381,320,378,314,374,305,371,234,371,227,374
217,415,217,432,221,437,227,440,257,440,261,441,290,442,313,441,322,437,327,432,327,419,321,411,313,409,265,409,259,411,252,407,229,407,221,410,218,413
526,443,530,445,557,444,559,443,560,439,565,439,569,437,570,432,578,432,585,430,587,429,587,422,585,420,581,418,568,418,562,420,545,418,529,419,525,421
612,422,612,430,614,432,635,432,636,430,636,422,634,421,617,420
612,422,613,438,630,439,635,437,635,422,631,420,617,420
