235,26,232,23,228,22,218,22,214,23,198,23,193,25,191,27,191,32,195,36,216,36,217,37,232,36,232,35,235,32
148,31,146,33,146,41,150,45,155,47,175,47,183,45,184,39,186,38,186,32,180,28,175,26,155,26,151,28
176,31,175,45,181,47,195,48,240,47,247,45,249,42,248,35,243,32,224,31,216,32,214,33,187,33,185,31
201,52,201,62,211,65,239,65,244,64,248,60,248,51,247,50,242,47,231,46,210,47
141,54,141,62,146,66,150,67,198,67,204,66,210,62,209,52,205,50,198,49,178,49,168,47,151,47,147,48,143,51
2,68,2,75,5,78,10,79,28,79,31,78,35,75,35,70,31,66,8,65,5,66
2,79,2,85,4,87,7,88,30,88,33,86,34,80,33,78,30,76,8,75,5,76
0,86,0,97,2,98,30,99,36,98,37,90,35,88,32,87,20,86,16,85,5,85
570,99,571,107,578,108,599,109,607,108,610,105,610,98,600,94,580,95,573,97
567,118,567,127,571,130,602,130,610,129,613,128,615,125,615,119,613,117,608,115,574,114,571,115
144,283,142,285,142,292,147,297,165,298,173,298,180,295,180,286,175,281,168,280,150,280
175,287,175,289,173,290,173,295,179,300,185,301,204,301,207,300,210,297,210,289,208,287,203,285,183,284
