45,33,45,43,50,47,86,47,92,45,95,41,95,35,90,31,53,30,48,31
639,28,621,28,620,29,614,29,602,34,600,52,598,53,598,56,593,63,593,67,591,70,591,83,597,90,610,97,610,99,621,99,621,98,625,96,628,97,639,97
61,58,55,66,55,83,56,89,60,91,64,92,83,91,86,90,89,88,88,68,86,66,85,63,81,60,76,58
545,70,545,83,545,88,547,89,567,90,581,90,584,88,586,78,586,70,584,68,552,67
635,26,620,26,618,28,612,28,600,33,598,51,596,52,596,55,591,62,591,66,590,69,590,85,595,91,605,96,595,102,593,102,593,113,588,115,588,129,590,129,595,133,598,140,598,145,603,150,620,150,624,146,625,140,628,137,639,137,639,27
258,107,256,110,256,114,254,118,254,127,258,130,282,131,296,125,298,122,298,113,297,110,294,108,281,107,276,106,260,106
255,136,251,130,240,127,200,128,192,131,188,134,185,138,185,151,192,157,197,159,210,161,241,160,246,158,254,151,255,146
283,212,283,220,288,223,327,223,334,223,337,221,337,213,333,211,332,208,329,205,309,205,304,204,290,205
350,228,350,240,356,244,364,248,384,248,386,250,405,250,421,253,440,252,445,251,447,248,445,231,430,231,427,228,423,227,422,226,395,226,393,225,393,223,362,223,354,224
210,253,209,251,208,246,206,246,203,243,199,242,189,242,188,244,183,244,180,245,178,248,148,249,142,248,126,248,107,249,104,250,101,253,101,261,102,263,107,267,110,268,125,268,137,266,175,266,185,268,202,268,207,266,210,263
40,305,40,313,46,317,66,318,81,316,90,319,122,318,132,320,153,320,160,318,163,315,163,306,159,303,155,301,129,302,120,300,89,301,85,299,64,299,45,300,41,303
38,325,39,336,45,339,65,340,78,338,85,341,115,340,120,342,152,342,158,339,158,328,155,325,151,324,133,323,125,325,120,323,114,322,84,322,79,320,60,320,52,321,44,321,41,322
