212,0,212,8,213,9,213,14,214,15,214,17,217,18,217,22,220,26,224,35,226,36,227,38,252,37,253,39,262,39,264,42,266,43,266,44,279,44,281,42,284,42,289,41,290,42,294,42,297,48,302,48,305,50,320,50,320,48,322,47,336,48,337,47,337,31,341,30,342,22,344,22,345,24,349,25,350,31,363,31,367,25,375,25,375,0
212,0,212,9,213,9,213,14,214,16,214,18,217,18,217,23,220,26,224,36,226,37,227,39,252,38,253,40,262,40,264,43,266,44,266,45,280,45,281,43,285,43,289,41,290,42,294,42,297,48,302,48,305,50,320,50,321,48,336,48,338,48,338,39,342,39,342,33,343,33,344,22,345,25,348,25,350,26,350,31,363,31,367,26,375,26,375,0
212,0,212,9,213,9,213,14,214,16,214,18,217,18,217,23,220,26,224,36,226,37,227,39,252,38,253,40,262,40,264,43,266,44,266,45,280,45,281,43,285,43,289,41,290,42,294,42,297,48,302,48,305,50,320,50,321,48,336,48,338,48,338,39,342,39,342,22,344,22,345,25,349,26,350,31,363,31,367,26,375,26,375,0
212,0,212,9,213,9,213,14,214,16,214,18,217,18,217,23,220,26,224,36,226,37,227,39,252,38,253,40,262,40,264,43,266,44,266,45,280,45,281,43,285,43,289,41,290,42,294,42,297,48,302,48,305,50,320,50,321,48,336,48,338,48,338,39,342,39,342,29,344,28,344,22,345,25,348,25,350,26,350,31,363,31,367,26,375,26,375,0
24,35,23,52,27,56,27,58,38,59,56,59,62,53,65,49,65,41,63,34,57,27,52,26,33,26,26,30
19,58,19,70,26,73,47,73,53,72,61,72,64,69,64,61,63,59,56,56,56,54,53,54,53,53,28,52,27,54,23,55
238,54,236,58,235,63,236,78,240,86,243,88,247,89,248,90,250,90,252,91,259,91,262,90,262,87,263,85,264,74,263,74,263,62,261,61,257,54,254,52,243,51
111,63,108,62,107,60,104,59,101,56,99,55,98,54,97,54,96,53,92,53,92,55,89,55,89,57,73,57,72,59,68,61,68,70,69,73,81,75,85,77,101,77,105,76,111,71
257,61,256,93,260,96,282,97,291,99,305,99,310,98,322,98,327,100,342,100,346,99,354,99,363,101,375,101,375,63,361,62,358,61,341,61,339,60,329,60,326,59,325,57,305,57,305,58,302,58,301,54,298,53,263,53,260,55
257,61,256,93,260,96,282,97,291,99,305,99,310,98,322,98,327,100,342,100,346,99,354,99,363,101,375,101,375,63,361,62,358,61,341,61,339,60,329,60,326,59,325,57,305,56,303,54,300,54,298,53,263,53,260,55
281,57,281,74,282,76,282,93,293,97,303,97,306,95,310,95,312,96,328,96,329,76,327,74,327,62,324,61,323,59,307,59,307,73,306,74,305,61,300,61,299,57,296,55,287,55,285,57
257,61,256,93,260,96,282,97,291,99,305,99,310,98,322,98,327,100,342,100,346,99,354,99,363,101,375,101,375,63,361,62,358,61,341,61,339,60,329,60,326,59,325,57,305,57,305,58,304,55,298,53,263,53,260,55
