416,41,411,48,411,56,414,60,415,66,418,69,439,69,447,68,453,65,456,61,456,49,450,40,444,38,426,38,420,39
136,79,136,86,137,88,143,92,143,96,146,100,150,101,166,101,174,100,182,100,186,98,186,88,184,85,183,78,177,72,173,71,152,71,150,72,140,74
355,80,348,78,329,78,323,81,323,90,330,93,339,93,341,92,351,91,355,88
436,91,436,113,439,116,444,117,469,117,479,115,484,111,485,100,477,96,477,90,475,88,470,86,447,86,440,89
356,92,351,87,335,88,325,90,320,95,320,101,324,105,330,106,349,106,356,103,357,102
602,104,598,108,598,118,601,122,610,126,612,135,614,138,620,142,639,143,639,101,610,101
144,178,140,181,136,191,136,203,141,211,148,215,160,218,178,217,181,213,182,208,181,195,178,186,171,181,168,180,156,178
369,192,369,201,374,208,401,210,408,211,421,211,435,213,465,213,470,211,474,208,474,198,471,194,458,190,433,189,424,191,410,187,375,186,370,189
283,203,280,205,277,210,277,223,281,225,283,228,292,230,308,230,311,228,317,221,317,210,311,205,304,203
520,204,517,206,516,213,513,218,513,230,515,233,525,236,549,237,554,233,555,225,560,221,560,210,555,204,549,203,523,203
326,209,325,219,328,221,331,223,335,223,337,224,368,223,373,223,375,221,375,213,372,208,368,206,334,205
335,223,335,231,341,234,367,233,370,232,372,230,372,222,368,219,343,219,339,220
326,209,325,220,328,222,335,224,335,232,336,233,340,235,368,234,372,232,373,224,376,221,376,213,370,206,365,205,334,205
