230,31,230,43,234,46,239,48,245,49,270,49,278,48,296,49,340,50,360,47,367,42,367,32,365,28,360,26,355,26,350,25,318,24,295,24,280,25,269,23,245,23,238,25,233,28
228,63,229,75,235,79,239,80,255,80,267,81,355,81,364,80,370,76,372,73,371,59,367,56,357,54,296,54,245,53,234,55,230,59
384,93,380,87,375,84,368,83,350,83,340,84,325,85,307,84,301,85,288,84,234,83,223,86,220,88,219,105,225,109,233,110,295,110,297,112,302,113,320,113,324,114,367,114,378,112,383,109
240,120,240,127,247,128,263,128,270,129,289,129,292,128,316,129,320,130,355,131,362,128,361,121,358,119,352,118,320,118,276,117,261,117,259,118,246,118
287,119,288,128,316,128,320,130,355,130,361,128,360,121,357,119,351,118,291,118
73,182,74,191,82,192,110,192,118,191,121,189,121,183,119,180,115,179,80,179,78,179
14,185,14,192,17,195,20,196,69,196,74,195,80,191,80,182,78,182,75,181,25,180,19,181
350,194,349,191,345,189,313,189,310,190,270,190,265,193,265,201,267,203,270,204,278,205,309,205,314,203,342,203,348,202,349,201
125,198,123,195,117,193,112,193,64,194,60,194,55,198,55,208,60,209,61,210,119,209,125,206
15,201,15,208,17,210,24,211,55,211,60,210,63,208,62,198,57,197,23,197,19,198
490,214,490,221,494,224,499,225,534,224,536,224,540,220,540,213,537,211,533,210,495,210
