0,42,32,41,37,40,48,40,58,37,75,37,91,35,124,35,127,33,148,33,182,31,194,31,216,27,230,27,245,24,254,18,255,16,255,3,254,0,108,0,103,1,99,1,95,0,56,0,52,2,45,3,40,7,35,12,0,12
214,117,201,117,200,118,199,121,195,124,195,130,193,133,193,147,198,150,210,150,213,148,215,144,219,131,219,121,217,118
261,122,253,126,250,128,250,145,252,149,261,155,260,155,260,165,261,166,259,175,259,184,260,189,265,191,283,191,290,188,302,173,305,171,306,169,309,167,309,164,311,161,312,156,312,141,310,140,310,135,307,132,303,129,292,127,286,123
401,141,401,149,402,150,407,153,417,154,433,154,435,154,439,151,440,143,437,140,433,138,410,138,404,139
315,150,310,152,309,158,304,162,300,166,300,199,305,202,308,203,311,205,312,207,320,212,324,215,328,217,331,220,331,222,334,225,335,230,338,235,342,238,368,238,374,236,381,230,387,221,387,217,389,215,389,204,386,198,386,189,384,181,385,166,381,161,378,160,355,160,353,161,351,160,351,158,348,156,339,155,336,152,331,150
420,159,415,162,413,166,413,175,416,181,425,184,430,187,434,187,455,187,455,185,460,184,460,181,466,176,466,170,465,165,462,164,462,162,457,159,456,157,449,156,444,156,443,154,433,154,431,156,428,156
408,191,397,196,397,197,393,201,393,215,397,221,401,221,402,223,405,224,405,226,423,227,434,216,436,211,436,197,432,193,426,191
160,239,156,237,144,237,139,239,132,239,127,241,117,242,115,244,106,244,103,245,96,253,97,262,100,264,111,265,139,265,161,250
353,252,329,251,328,254,316,254,316,259,312,260,312,262,309,262,309,265,300,269,300,271,296,272,295,277,295,286,296,288,296,299,300,303,305,304,320,304,326,302,327,301,330,300,332,299,336,299,340,296,342,292,345,291,346,289,346,284,348,279,350,277,350,267,352,265
190,272,189,284,192,284,196,286,217,286,225,285,229,280,229,271,226,268,220,265,201,265,196,267
