183,50,181,47,178,44,91,46,88,48,85,52,85,65,87,69,92,71,108,72,109,77,110,79,118,81,160,81,162,77,162,73,164,71,177,69,183,65
184,50,182,47,179,44,91,46,88,48,85,52,85,66,87,69,92,72,108,73,109,78,114,81,114,92,117,94,162,94,166,89,166,79,163,74,165,72,178,70,184,66
343,105,342,117,344,120,348,123,348,125,367,123,370,121,370,108,366,104,360,103,347,103
482,128,481,145,485,151,490,154,513,155,519,158,554,157,557,154,560,148,560,131,557,128,550,123,524,122,490,122,485,124
405,140,405,159,416,165,418,168,439,170,440,172,460,172,466,169,477,169,480,168,485,158,485,148,484,143,479,138,470,136,411,134,407,136
415,164,415,175,416,179,422,183,426,183,435,188,440,190,473,190,476,186,476,172,473,168,459,164,448,164,447,163,438,163,435,161,418,161
625,191,621,193,613,202,613,220,615,224,622,230,639,231,639,192
508,193,505,194,501,198,501,216,505,219,504,226,498,231,497,266,500,270,510,275,544,276,547,273,549,265,555,257,555,241,552,237,548,235,549,228,553,221,553,203,547,196,540,193,525,192
198,234,196,230,190,227,165,227,153,232,144,232,121,235,103,235,97,237,93,244,92,258,95,264,102,267,122,267,128,265,160,264,165,260,165,257,169,254,182,255,194,253,198,247
508,193,505,194,501,198,501,216,505,219,504,226,501,227,501,233,498,234,497,266,500,270,510,275,544,276,547,273,549,265,555,257,555,241,552,237,548,235,549,228,553,221,553,203,547,196,540,193,525,192
604,311,603,324,608,331,614,332,639,332,639,311,637,309,631,307,609,307
