118,62,118,75,123,79,128,79,133,83,152,83,160,81,163,79,162,66,159,62,155,62,152,59,132,58,122,59
118,185,119,195,128,199,135,201,155,201,157,199,157,190,153,187,134,183,121,183
118,227,118,229,116,230,115,237,114,238,114,241,111,242,111,258,115,258,118,260,125,262,130,264,139,264,140,263,150,263,157,261,160,255,160,244,158,238,150,233,135,230,133,227
90,280,89,282,89,285,85,287,85,296,73,297,70,299,69,331,65,336,65,351,71,357,97,357,101,360,111,360,115,361,125,362,149,361,150,357,154,357,154,344,148,343,144,337,137,336,137,317,142,316,147,310,147,301,150,301,150,288,146,288,145,284,143,283,143,279,140,278,121,278,120,276,106,276,99,278,95,280
442,377,442,386,447,389,486,390,495,389,500,387,500,377,495,374,448,373,444,375
392,440,390,436,380,432,350,432,315,435,273,435,246,436,200,435,195,436,163,437,156,439,131,440,77,439,54,444,48,449,46,453,46,479,50,484,60,489,165,490,168,488,178,488,203,485,248,484,260,482,289,482,298,481,301,479,382,477,384,475,390,473,392,471
526,443,525,440,520,438,487,439,480,440,476,444,476,456,480,459,520,459,526,455
402,490,399,482,396,480,391,478,349,480,335,485,305,485,296,487,285,487,282,489,271,489,268,491,265,491,266,519,321,519,330,518,344,518,350,515,375,516,392,515,399,509,401,505
277,491,265,488,201,489,190,490,165,489,160,490,151,491,146,495,141,504,141,518,144,522,144,524,147,524,154,527,201,528,267,527,271,525,274,522,278,519
39,514,39,527,43,533,49,535,142,535,149,532,152,525,155,523,155,512,153,511,153,505,78,506,46,504
