0,0,0,43,2,48,1,60,9,61,9,67,25,67,28,62,30,27,25,17,25,0
585,154,585,169,586,171,591,173,610,174,639,173,639,149,610,148,605,150,600,150,597,151,590,151,588,151
449,235,442,230,434,229,393,230,389,231,366,231,357,233,323,233,320,235,313,235,305,237,304,239,300,240,297,245,296,262,297,264,309,271,310,278,314,281,325,282,357,282,365,281,392,280,416,282,440,282,440,281,445,277,445,275,446,273,446,255,449,252
142,231,135,238,130,244,130,258,136,261,151,261,157,259,165,250,165,239,164,235,159,231
113,221,110,220,90,220,85,221,75,223,73,224,72,226,68,226,66,228,61,229,58,235,55,235,51,240,45,244,42,250,43,265,46,270,50,273,70,273,76,272,86,265,99,252,110,252,110,247,112,246,115,246,117,240,117,226
170,263,160,261,156,260,139,260,127,263,122,266,114,268,113,271,110,272,110,275,105,275,105,278,100,280,100,283,95,290,88,296,87,326,89,326,90,328,94,329,96,331,100,333,114,333,120,329,130,326,143,316,148,310,149,303,154,300,159,299,165,296,170,290,170,289,173,288,173,285,175,283,175,268
222,268,222,275,220,275,220,281,222,282,230,282,233,283,257,283,261,281,262,268,260,266,247,265,231,265
596,273,596,281,600,284,639,285,639,268,601,268
639,283,612,285,586,285,581,288,581,295,585,298,608,298,612,296,639,298
639,296,607,297,598,298,593,302,593,308,597,311,639,311
97,296,94,295,91,293,77,293,68,295,60,299,55,305,54,308,52,310,52,326,53,329,58,333,75,334,85,331,89,327,90,327,93,325,93,316,96,315,96,311,99,310,99,298,97,297
123,328,124,338,130,341,148,341,151,340,170,339,177,337,180,334,179,326,175,324,131,323,129,323,126,326,125,326
590,326,585,330,582,335,581,341,583,359,588,366,595,370,609,371,616,373,626,373,634,371,638,365,639,352,638,348,635,345,635,340,632,338,632,337,630,337,627,333,622,331,619,328,613,325,593,325
45,368,45,377,50,380,57,381,60,382,105,381,115,379,118,376,118,367,112,363,100,361,86,361,85,360,70,360,70,359,60,359
430,365,426,372,425,386,426,388,432,391,446,391,450,390,470,389,471,388,479,386,482,383,481,373,475,371,471,368,470,364,464,361,438,360,434,361
470,405,467,408,465,413,465,419,468,420,469,424,484,425,489,423,495,418,494,407,487,404,475,404
57,408,57,416,59,419,63,421,70,422,87,422,93,420,95,418,95,409,92,406,89,405,61,404
315,406,307,411,305,414,305,425,308,429,313,432,316,433,317,434,329,434,335,431,340,425,340,415,339,411,333,408,328,406
475,418,473,414,470,413,469,412,435,414,430,416,427,420,427,427,431,431,435,432,468,431,472,429,473,426,475,425
