454,237,453,248,450,248,450,254,452,255,452,257,456,257,460,260,479,259,482,260,495,260,503,259,508,257,509,246,504,244,499,242,493,242,490,240,490,237,487,236,462,234
439,244,439,253,445,258,456,257,460,260,479,259,482,260,495,260,503,259,506,258,509,256,509,246,504,244,499,242,493,242,490,240,490,237,487,236,473,234,458,235,454,237,452,241,446,241,441,242
415,241,414,240,409,238,367,238,364,240,360,243,360,251,362,253,368,255,387,255,400,253,410,253,414,252,415,250
360,246,355,241,345,238,325,238,318,241,276,240,251,242,232,242,200,246,196,248,192,254,192,264,195,265,195,271,202,271,206,272,275,271,277,270,323,269,327,269,328,268,343,268,354,265,359,261,360,257
422,257,419,254,412,252,394,252,390,253,373,253,365,256,363,259,363,265,365,268,371,269,416,268,421,265
205,261,203,260,203,256,171,254,161,257,120,258,113,259,106,261,85,261,78,264,78,276,88,277,107,277,113,276,132,276,165,276,170,273,196,273,200,272,205,269
439,242,438,253,444,258,458,259,455,261,455,271,460,273,466,275,488,275,493,276,513,276,518,274,517,264,512,262,499,261,509,257,510,246,505,243,500,242,494,242,491,240,490,236,488,235,474,234,457,234,453,236,451,240,445,240
85,264,74,262,37,264,34,265,30,268,30,276,34,280,66,279,70,280,79,280,86,275
359,267,353,262,343,261,341,260,265,262,264,263,259,263,257,265,242,264,236,265,233,267,205,266,198,268,196,271,196,284,199,286,204,288,257,287,263,286,308,286,328,287,354,286,356,284,359,280
370,272,370,280,374,284,399,285,407,283,410,280,410,273,408,271,403,269,377,269,372,270
100,280,101,287,108,289,125,289,130,287,130,280,125,277,107,276,104,277
