134,11,133,23,140,32,149,32,151,34,201,34,205,24,205,16,202,10,192,5,182,4,147,4,139,6
137,31,137,41,139,43,145,47,154,47,155,48,169,49,174,50,200,50,204,45,204,35,201,31,201,28,163,28,157,28,156,26,140,26
135,3,132,6,130,10,130,26,133,30,134,62,136,91,144,95,161,95,172,96,203,95,207,91,207,30,209,26,209,14,207,10,204,6,197,3,185,1,144,1
137,43,137,60,140,78,155,78,157,77,158,75,175,75,184,76,200,76,204,73,204,48,200,43,179,43,164,42,162,41,144,41
138,41,136,43,136,61,139,90,146,93,164,93,175,95,201,94,205,90,205,48,201,42,180,43,165,41,164,40,143,40
510,86,510,99,510,101,518,106,569,106,569,104,571,100,571,90,566,83,560,80,523,80,515,81
573,106,568,100,520,101,515,105,515,115,522,118,535,119,537,120,564,120,571,116,573,113
518,117,519,133,522,136,522,143,525,145,525,157,525,160,528,161,536,163,539,164,560,164,577,162,581,160,582,145,580,141,580,132,577,130,575,118,572,115,566,114,535,114,523,115
518,117,519,133,522,136,522,142,525,145,530,145,530,146,539,146,540,148,541,148,542,150,552,150,553,148,556,148,556,146,560,145,576,145,578,143,579,132,576,130,575,118,571,115,565,114,535,114,523,115
110,212,105,215,104,219,104,235,108,243,118,250,126,256,130,256,135,258,146,258,146,255,150,254,150,252,152,251,153,249,154,230,152,228,150,224,150,221,147,220,145,215,136,211,117,210
144,243,141,246,140,249,136,251,137,274,138,278,145,283,147,289,152,293,160,293,162,295,167,295,175,297,189,296,189,295,193,293,194,288,198,288,199,285,202,285,202,275,200,270,192,264,191,261,188,258,184,252,174,246,165,245,165,243
384,263,380,258,373,255,363,252,349,251,328,251,314,253,286,253,284,252,229,253,216,256,212,256,211,258,205,261,205,286,209,289,210,295,216,295,222,297,259,298,261,299,275,300,369,298,378,294,385,287
188,275,188,281,183,286,177,288,177,289,175,291,175,300,176,301,176,308,179,311,180,316,184,320,187,320,203,331,208,332,225,331,226,330,230,330,230,328,233,328,233,325,235,325,235,323,238,322,239,320,240,320,240,311,239,310,239,306,234,299,229,298,226,295,225,284,221,284,220,283,220,281,218,281,217,279,215,278,215,274
226,309,225,315,223,318,219,319,218,321,215,321,213,325,210,325,209,341,210,344,210,351,215,355,215,360,218,362,218,366,221,368,230,368,232,374,235,376,237,381,241,384,251,384,252,389,258,392,262,396,270,401,285,404,300,404,305,402,315,396,316,391,319,388,319,373,314,368,308,366,308,361,305,358,305,356,302,356,301,354,298,353,296,350,290,346,289,344,284,343,282,340,280,340,278,338,273,338,271,336,266,335,266,328,264,324,264,319,261,317,255,316,251,313,243,311,242,309
