304,75,304,79,308,82,311,83,341,83,345,82,347,81,347,73,345,72,340,70,312,71,309,72
305,94,305,103,307,103,311,104,332,105,338,103,341,101,341,96,340,95,337,94,312,93,307,94
306,106,306,115,312,116,332,116,336,115,339,113,338,107,332,105,315,105,309,106
294,104,293,115,295,117,296,118,307,118,310,116,332,116,336,115,339,113,338,107,332,104,315,104,311,105,306,102,297,102
326,119,326,128,335,129,348,129,353,128,357,126,357,120,350,117,334,117
291,121,292,127,297,129,322,130,333,128,332,119,326,117,298,117,295,118
198,117,178,121,175,124,172,125,170,129,168,131,166,136,167,162,169,165,169,168,170,170,175,172,185,173,190,175,212,175,214,174,221,174,227,173,233,170,234,169,234,154,235,150,235,140,233,135,233,125,231,122,227,120,227,119,223,119,220,117
453,134,452,142,456,144,461,146,471,147,478,147,485,148,499,148,508,147,511,146,516,142,515,133,512,131,505,129,495,129,490,128,465,129,460,130,455,132
390,151,386,148,376,147,364,147,355,148,335,148,332,149,319,148,300,149,295,150,292,151,291,158,293,159,298,161,355,161,359,160,383,160,389,158
595,155,594,157,594,162,598,166,620,166,633,168,635,169,635,175,639,175,639,152,633,150,625,150,624,152,601,153
173,179,172,193,177,196,212,196,218,195,221,193,222,186,220,184,220,181,218,179,215,178,210,177,178,177,175,177
