286,92,281,94,278,98,276,102,275,110,276,185,277,190,277,205,275,208,275,233,276,240,280,245,280,248,281,252,282,270,284,275,285,282,286,282,287,285,294,285,295,292,318,291,320,289,323,289,323,287,327,281,328,268,329,265,329,244,330,225,330,198,329,192,330,187,330,162,329,159,329,134,328,130,328,111,326,104,324,102,323,98,319,94,311,91
175,205,175,225,177,235,188,247,211,247,216,245,253,246,253,245,260,244,268,233,271,225,271,207,270,198,265,193,265,190,258,188,256,185,245,185,242,184,236,183,218,183,213,185,187,187,178,195,176,203
251,418,251,405,246,400,236,398,237,379,232,375,215,374,206,375,204,377,166,379,163,381,161,388,161,404,165,411,184,413,185,415,185,421,194,427,208,428,208,426,244,426,248,424
186,403,186,420,189,422,199,426,206,426,207,425,243,425,246,422,250,416,250,407,245,401,228,400,228,398,197,398,191,400,189,403
318,405,316,402,311,400,290,400,270,402,258,401,255,402,248,407,248,417,250,420,255,423,313,423,316,421,318,419
178,426,178,440,184,448,261,445,268,440,268,428,266,427,266,424,261,420,220,420,208,420,206,418,198,418,185,420
262,425,262,440,276,444,305,445,319,444,324,441,326,438,326,426,324,423,321,421,280,421,270,422
285,448,281,443,276,442,228,443,220,448,219,459,220,461,228,465,281,465,285,460
114,439,114,475,110,482,108,489,109,522,113,526,124,530,150,532,175,531,175,557,178,561,182,564,183,572,184,575,187,576,216,576,232,575,256,575,259,575,261,571,262,565,290,562,316,563,318,560,322,560,325,555,325,524,323,520,320,518,296,518,286,516,246,516,245,501,245,484,242,479,236,475,196,475,188,476,184,475,183,472,178,472,178,459,176,455,176,443,175,441,174,437,168,432,160,429,125,428,119,431
117,445,116,470,118,475,118,478,116,480,111,493,111,515,112,519,115,522,120,525,133,527,153,529,181,528,186,535,188,536,189,538,233,538,234,536,238,536,243,533,242,488,241,485,238,481,233,479,199,479,185,480,181,479,180,476,176,476,175,463,174,462,173,456,168,455,168,439,161,434,128,432,122,435,120,439,120,444
117,445,116,470,118,475,118,478,116,480,111,493,111,515,112,519,115,522,120,525,133,527,153,529,181,528,186,535,188,536,189,538,233,538,234,536,238,536,243,533,242,488,241,485,238,481,233,479,199,479,185,480,181,479,180,476,176,476,175,463,174,462,173,456,168,455,168,439,161,434,128,432,125,434,125,445
233,512,233,528,238,531,239,533,300,532,306,531,310,529,312,525,312,515,309,510,306,509,239,510
116,526,116,538,118,540,169,541,175,540,179,535,179,526,176,524,170,522,125,522,118,524
180,530,180,551,183,555,187,558,188,568,192,570,211,570,228,569,251,570,255,569,257,565,258,559,285,556,311,557,313,555,318,554,321,549,321,530,318,526,315,525,292,525,281,523,213,524,203,522,191,522,190,524,185,525
251,553,252,563,255,567,258,568,307,565,313,562,313,551,310,550,309,547,264,547,254,549,254,550
