133,96,133,106,140,111,181,111,186,110,190,106,190,98,188,96,184,93,141,93
370,96,369,105,370,107,376,111,386,112,404,112,410,110,414,106,413,96,410,94,407,94,405,93,387,92,375,93
266,96,265,106,267,109,273,112,283,113,286,114,301,113,310,111,315,106,315,98,310,93,274,93,268,95
274,114,270,115,263,121,264,140,266,141,266,143,270,146,270,156,273,157,274,162,276,166,280,167,290,167,291,162,304,162,304,156,306,154,308,154,309,152,309,145,306,143,310,140,310,121,305,117,299,114
379,285,379,295,385,299,394,300,412,300,419,295,419,285,417,283,409,281,385,281,382,281
280,288,280,298,286,305,309,305,318,303,325,296,325,288,324,286,319,285,294,285,283,286
492,293,493,302,496,305,503,306,516,308,535,307,540,305,542,303,542,295,540,292,536,290,526,288,505,288,495,290
152,300,152,308,158,312,181,313,190,311,197,308,197,298,195,296,181,294,160,295,154,297
493,313,492,328,496,335,496,338,502,338,503,339,510,340,538,340,538,333,543,331,547,328,547,320,542,315,525,314,520,310,515,309,500,309,498,310
158,316,155,318,153,320,152,338,155,346,160,349,160,359,162,361,162,362,165,363,166,366,187,365,188,364,194,364,199,363,199,361,202,360,202,348,196,348,197,346,201,346,201,333,197,327,194,326,192,324,189,323,187,320,181,316
516,430,511,425,485,425,480,427,437,427,434,428,430,431,430,443,432,448,434,448,446,448,454,447,475,447,481,446,510,446,515,444,517,441
357,434,355,433,292,433,287,437,286,449,289,451,293,453,351,452,359,449,359,440,357,438
177,446,178,456,185,458,195,459,209,459,215,453,215,446,210,443,182,443
133,448,134,458,151,457,152,460,166,460,177,458,184,456,184,446,168,445,137,445
353,459,352,467,355,470,385,470,389,468,389,458,388,456,382,455,361,455,355,457
