152,48,152,57,155,58,161,63,171,66,172,68,187,68,193,72,201,74,230,75,235,73,250,73,252,71,255,71,256,68,256,52,249,47,239,45,238,44,230,43,211,43,206,41,167,39,161,40,160,41,160,43,157,44,157,46,153,47
254,44,251,46,250,49,249,50,249,58,245,60,245,66,243,74,244,87,247,90,248,93,252,96,255,96,255,97,265,100,308,100,315,96,316,85,320,85,320,76,317,76,316,73,314,72,314,66,306,65,303,64,301,62,282,61,280,58,280,53,278,50,278,46,274,43
310,55,307,63,305,65,305,76,307,79,307,81,305,81,305,96,311,105,328,110,338,110,343,113,351,113,357,115,375,115,382,118,397,119,406,121,428,121,433,118,435,114,442,113,442,88,436,85,408,81,402,79,396,78,381,74,372,68,368,62,357,57,345,56,344,55,339,54,314,54
309,54,305,62,303,63,303,77,305,80,303,80,303,97,310,105,318,108,330,111,336,111,341,113,350,113,355,116,374,116,380,118,395,120,405,122,424,122,425,137,430,140,436,142,460,143,467,141,470,139,470,120,475,112,475,93,473,86,470,83,465,81,439,81,435,83,430,83,426,82,409,80,403,78,397,77,382,73,373,67,369,61,358,56,345,55,345,53,340,53,312,53
443,85,436,88,432,89,430,90,430,110,434,118,430,120,429,122,429,132,434,137,440,139,460,139,466,136,466,123,465,120,466,119,466,116,470,109,470,96,469,90,466,86,461,85
482,119,481,131,482,135,485,138,501,140,505,143,506,146,514,149,515,150,545,154,561,158,570,160,577,163,592,163,593,161,600,161,604,159,610,159,610,150,606,149,606,143,601,140,600,136,590,131,565,130,535,123,523,121,517,116,502,114,490,114,485,116
577,155,577,159,573,164,573,178,575,184,578,187,578,190,581,191,586,196,592,199,598,200,600,201,639,200,638,149,624,146,612,146,605,148,604,150,595,150,595,153,591,153,590,155
577,155,577,159,573,164,573,178,575,184,578,187,578,190,581,191,586,196,592,199,598,200,600,201,639,200,638,149,624,146,612,146,605,148,604,150,595,150,595,153,585,154,584,155
311,236,305,242,302,250,299,251,299,260,304,261,304,268,308,272,310,277,313,278,315,281,317,282,328,282,333,280,335,275,336,248,333,241,329,238,322,236
599,266,595,273,595,280,598,285,605,290,611,293,639,294,639,265,632,264,607,264,601,265
510,264,500,268,498,272,495,273,495,292,497,299,500,300,500,307,512,308,513,310,516,310,517,313,520,313,520,318,521,318,521,321,532,321,535,318,545,315,556,305,556,284,555,283,552,275,546,270,525,264
585,312,582,317,582,328,585,333,589,337,593,338,603,345,639,345,639,309,627,309,616,310,612,308,595,308
440,327,439,330,439,338,433,344,433,357,440,365,447,370,453,372,480,372,489,369,492,366,492,355,495,351,496,348,496,336,494,334,493,331,490,331,490,327,487,327,486,325,473,324,448,325
560,403,559,415,560,419,565,422,574,425,580,430,595,435,610,436,615,433,616,420,612,415,606,411,592,408,584,402,578,400,564,400
