63,12,54,6,46,5,30,5,29,6,13,6,0,7,0,33,1,34,24,34,32,33,33,32,58,32,59,31,61,31
284,16,284,27,286,30,294,33,308,35,311,36,324,36,327,38,345,38,351,40,360,40,370,44,406,43,411,41,415,37,415,24,410,21,405,20,370,19,359,17,355,17,346,14,321,12,311,10,293,10,290,11,285,15
0,7,0,33,1,35,25,35,33,34,33,33,35,32,49,33,50,34,53,35,63,35,64,36,70,36,70,37,88,37,94,32,95,20,92,16,87,14,79,12,65,13,55,6,47,5,30,5,29,6,13,6
179,21,179,28,185,31,200,32,211,34,223,35,238,34,242,32,242,26,238,23,235,23,234,22,205,20,201,19,183,20
100,39,92,33,90,30,68,29,67,26,63,25,37,26,36,27,0,27,0,72,16,72,29,70,71,70,90,68,95,66,102,60,103,45
404,49,404,57,405,59,413,63,424,64,440,66,449,66,461,69,481,69,485,67,486,58,482,54,467,53,423,47,410,47,406,47
524,55,520,59,520,68,525,71,535,73,542,73,550,71,552,67,552,59,548,55,541,54,530,54
481,58,480,62,480,69,481,69,481,71,485,74,498,75,511,75,515,72,517,69,517,63,514,59,510,57,506,56,505,55,490,55
333,216,334,222,340,224,363,225,369,223,370,221,370,213,362,211,345,211,338,212,334,214
245,216,245,226,250,229,305,229,311,226,313,223,312,215,309,212,305,211,257,211,249,213
359,256,355,254,350,253,324,253,314,255,311,258,311,269,312,273,317,277,317,280,328,280,332,280,335,282,352,282,355,281,361,275,361,265,359,261
402,271,403,283,406,284,420,286,426,290,436,292,443,298,457,298,458,296,462,296,463,297,470,299,480,299,485,301,508,304,521,304,526,301,528,297,528,287,523,283,522,279,520,279,517,276,507,275,495,275,485,273,464,273,454,269,450,269,446,267,439,267,437,265,415,266,413,268,405,268
402,271,403,283,406,284,420,286,426,290,436,292,443,298,457,298,458,296,462,296,463,297,470,299,480,299,485,301,508,304,521,304,526,301,528,297,528,287,523,283,522,279,520,279,517,276,507,275,495,275,485,273,464,273,454,269,450,269,446,267,427,267,426,266,415,266,413,268,405,268
