177,34,177,41,180,43,185,44,203,43,210,44,220,44,223,44,227,41,227,35,225,33,222,32,180,31
240,33,240,43,248,45,288,45,292,45,294,42,294,37,293,35,289,33,281,33,272,32,245,32
89,19,89,22,87,23,87,31,85,37,83,39,83,44,85,50,94,54,95,56,99,57,107,57,108,56,115,56,115,53,117,52,119,46,119,39,116,32,114,31,113,28,104,24,102,21,100,20,100,19
231,37,231,42,233,43,236,44,242,44,248,46,289,46,292,45,295,43,295,37,294,35,289,33,281,33,273,32,236,32,232,35
324,60,323,58,317,57,277,57,274,58,234,58,229,59,213,59,209,60,207,62,207,71,209,73,214,75,226,75,229,74,256,74,319,72,322,71,324,69
264,80,264,85,266,86,266,93,272,95,304,96,308,95,311,92,311,82,305,77,293,76,271,76
311,81,306,77,294,76,270,76,268,77,265,79,242,79,236,80,229,79,217,79,213,80,210,82,208,85,208,91,212,95,218,96,238,95,262,95,268,94,274,96,304,97,309,95,311,92
275,106,273,103,269,102,251,103,222,103,220,103,218,105,217,114,219,117,226,118,268,118,274,115
326,105,325,104,319,103,311,103,308,104,281,104,278,106,278,112,281,114,305,115,310,114,321,114,324,113,326,111
220,131,220,140,225,143,261,142,270,140,271,138,271,130,268,127,264,126,236,125,223,128
279,151,278,161,280,164,282,164,282,169,284,172,293,174,313,173,322,172,326,169,326,152,325,150,321,147,298,147,285,148
58,164,54,169,52,180,52,218,54,220,55,228,59,234,71,234,72,233,78,233,78,175,76,168,72,166,70,166,69,164
324,184,322,181,319,180,302,180,295,182,281,182,277,184,276,186,276,193,277,194,283,195,302,195,305,194,320,193,324,189
268,190,265,187,263,187,240,187,231,188,219,192,211,192,209,194,206,195,205,201,207,201,207,205,224,206,228,204,234,204,236,205,255,204,264,202,266,201,268,198
83,197,82,203,82,220,83,234,85,235,93,235,93,237,102,237,104,231,107,198,104,197
298,203,289,201,260,202,242,205,237,207,220,207,210,211,203,211,188,213,183,215,181,217,175,219,165,219,159,220,154,222,149,228,150,248,154,251,155,253,157,254,160,254,162,256,177,256,177,255,180,253,184,253,186,251,194,251,195,250,196,250,197,249,214,249,214,248,215,247,220,247,230,242,239,242,247,241,251,241,265,237,268,237,269,236,277,234,291,233,295,231,299,227,303,225,303,214,300,213,299,212
237,241,237,248,240,250,259,251,263,250,266,247,265,239,259,237,244,237,241,238
63,244,60,245,60,247,57,249,55,254,55,292,57,294,57,299,58,300,57,304,57,316,61,323,65,326,76,326,80,326,83,324,86,315,87,277,85,270,83,249,82,248,82,245,74,245,73,244
