341,75,341,83,345,86,348,87,367,87,371,86,380,87,403,86,407,85,410,82,409,73,406,71,400,70,372,70,368,68,354,68,346,70
237,78,238,86,244,88,289,89,291,88,295,85,295,76,293,74,288,72,245,71,239,75
453,76,454,85,456,87,461,88,513,88,516,87,520,83,519,75,515,73,510,71,462,71,457,72
554,78,555,86,561,90,614,90,618,89,620,87,619,76,615,75,609,73,578,73,572,72,562,72,558,73
193,79,189,75,182,73,139,75,135,75,131,77,130,87,132,89,139,91,186,91,192,88
306,98,306,107,310,109,314,110,339,110,375,109,395,110,446,110,449,108,449,99,445,97,433,96,432,93,429,91,327,91,324,93,324,95,322,96,310,96
449,100,445,98,433,97,432,94,429,92,380,92,376,93,376,95,375,97,310,97,307,99,307,107,310,109,330,110,357,109,396,110,446,110,449,108
449,99,445,97,433,96,432,93,429,91,365,91,362,92,361,96,357,96,310,96,306,98,306,107,310,109,329,110,357,109,395,110,446,110,449,108
214,110,211,107,207,106,126,108,124,108,120,112,120,121,125,125,129,126,172,125,177,124,208,124,211,123,214,120
530,111,530,122,534,126,536,126,573,126,591,126,597,128,616,128,624,126,628,123,628,110,625,108,620,106,590,107,564,105,536,105,531,108
445,110,445,108,440,108,414,108,408,107,399,107,390,109,363,108,359,110,354,108,345,108,342,110,313,110,310,111,310,118,313,120,358,119,362,120,371,120,388,119,395,120,439,121,443,120,445,118
446,110,445,108,441,108,415,108,409,107,399,107,390,109,345,108,342,110,313,110,310,111,310,118,313,120,313,123,315,125,365,125,370,124,373,120,385,120,395,121,440,121,444,121,446,119
447,138,447,129,440,128,438,123,430,121,408,123,331,122,309,123,305,124,305,132,311,135,311,143,314,145,358,145,365,143,366,139,382,138,382,135,384,134,396,134,397,138,410,140,444,140
194,132,190,128,185,127,144,128,140,131,140,141,142,143,145,145,187,144,193,141
530,132,530,142,535,146,551,146,555,147,575,147,583,145,584,143,586,143,585,133,581,130,577,128,551,129,546,127,536,127,533,128
587,136,587,145,595,148,622,148,625,147,628,143,628,134,626,131,623,130,597,129,591,131
306,145,306,151,311,154,311,157,314,158,350,158,371,160,377,158,381,154,411,153,411,144,386,142,330,142,312,143
215,150,215,148,210,146,170,146,165,148,125,147,120,151,120,160,124,165,130,166,159,166,165,164,211,164,215,161
306,145,306,151,311,153,311,156,314,158,350,158,370,159,376,158,380,155,379,143,375,142,312,143
528,155,529,165,534,170,622,170,626,168,629,164,628,153,625,151,620,150,597,150,594,149,577,148,553,149,548,148,537,148,534,148,530,151
391,160,388,160,387,158,378,155,365,155,358,157,313,157,308,159,308,165,310,167,311,172,332,173,337,168,380,168,390,167
450,159,444,158,434,158,417,160,417,168,428,169,447,169,450,167
312,163,312,172,332,173,335,171,335,164,333,163
307,173,307,181,311,182,312,186,317,188,392,188,410,188,415,186,415,177,400,176,398,178,395,175,395,173,390,171,364,171,350,170,335,170
408,173,408,181,410,182,442,183,447,182,450,180,450,174,445,172,412,171
307,173,307,181,311,182,312,186,317,188,410,188,415,186,415,183,415,173,411,172,393,172,390,171,364,171,350,170,335,170
574,185,574,195,578,198,599,198,607,195,607,186,603,185,580,183
310,189,310,195,311,197,366,197,372,196,382,196,388,195,388,189,382,188,315,187
541,206,541,215,545,216,560,216,566,215,566,205,564,205,558,202,548,202
