197,1,197,10,200,13,232,13,235,10,237,6,237,0,198,0
249,0,249,10,254,12,291,13,306,12,309,10,309,0
232,0,232,10,234,11,249,12,254,10,254,0
142,1,143,12,149,15,185,15,195,14,199,11,198,0,144,0
80,4,80,12,84,17,91,19,121,18,128,15,127,0,85,0
123,1,123,14,125,15,141,15,148,12,148,2,144,0,127,0
35,2,35,20,38,20,75,21,81,19,83,13,83,4,82,4,81,1,78,0,40,0
0,2,0,21,2,24,26,25,28,22,38,22,41,19,40,2,37,0,3,0
270,16,270,24,271,26,274,28,304,29,309,25,309,15,306,11,275,10,273,11
308,17,308,25,309,27,312,29,325,30,329,28,331,25,331,15,325,10,312,11,309,14
326,14,327,25,330,29,333,30,370,30,377,26,377,16,375,13,372,11,331,10,328,14
375,16,375,27,378,30,382,31,396,30,411,32,437,32,440,31,443,28,443,15,440,12,436,10,400,10,390,12,378,12
232,17,232,26,236,30,266,30,269,29,271,26,271,18,269,15,237,13
160,17,160,28,168,31,209,30,213,27,213,16,210,13,166,12,163,14
212,18,212,26,215,29,230,29,233,26,233,16,230,15,214,15
127,18,127,30,134,33,160,32,165,28,165,18,164,16,160,15,136,14,132,15
67,17,67,30,69,34,76,35,107,35,113,32,112,18,108,15,102,15,94,13,83,14,81,12,75,12,68,15
108,19,108,28,109,31,117,34,125,34,129,32,131,30,131,18,123,14,112,15
19,18,18,30,19,33,21,37,64,38,64,22,61,19,56,16,32,15,23,15,20,18
0,36,0,53,3,55,41,54,73,55,78,52,81,50,81,38,79,35,75,32,69,32,64,30,17,30,12,33,2,34
76,218,76,226,79,230,99,230,108,229,111,225,111,217,108,214,81,213,78,215
78,230,78,239,80,241,117,241,120,237,120,230,117,226,101,226,99,225,92,225,91,226,81,226,79,227
124,240,123,238,118,236,117,235,107,235,106,236,88,235,88,237,79,237,77,240,77,251,80,254,121,254,124,250
303,256,303,266,305,269,332,270,336,267,336,256,333,254,305,254
77,266,77,275,80,280,87,279,88,280,104,280,109,279,111,276,111,267,109,265,107,264,80,264
76,279,77,289,81,291,114,291,115,290,118,290,120,287,120,276,115,274,79,273
301,284,301,295,303,297,315,297,320,299,337,299,339,297,343,297,348,295,348,283,344,280,304,280
124,289,120,285,116,285,115,284,88,285,87,287,80,287,77,290,77,300,79,302,101,302,106,304,119,303,124,299
301,296,301,305,303,310,330,310,342,308,344,310,352,310,357,308,359,305,359,294,358,293,315,291,313,293,303,293
115,301,113,298,108,297,80,299,77,302,77,311,79,314,111,314,115,311
302,308,302,319,306,321,322,321,330,319,330,305,329,304,304,304
301,307,301,319,305,321,322,321,328,320,351,321,354,319,354,308,352,303,344,303,342,305,330,305,329,303,303,303
77,329,78,339,81,341,101,340,104,342,110,342,110,340,114,340,118,337,118,327,115,325,80,325
300,336,300,345,301,348,305,350,347,350,356,350,360,347,360,337,357,334,303,333,301,334
78,339,78,349,80,351,107,353,108,351,119,351,121,349,121,340,119,337,93,337,89,335,81,335
78,350,78,361,80,365,117,364,122,360,122,350,120,347,92,345,91,347,81,346
78,362,78,371,79,373,82,375,107,375,110,372,110,363,107,359,81,359
299,374,300,384,304,386,333,386,337,384,337,374,335,371,302,370
78,389,78,399,81,402,123,402,126,400,126,388,124,385,121,385,83,385,79,387
210,525,210,535,211,538,216,541,228,542,234,540,237,535,236,525,231,521,216,520
