88,32,89,40,90,41,97,42,147,43,154,40,154,31,151,30,148,29,91,29,89,30
149,32,149,39,151,41,160,43,198,43,201,41,204,38,204,32,199,28,154,29,150,30
128,46,127,52,117,52,113,57,108,58,107,60,102,60,102,66,100,68,100,73,97,73,97,78,91,78,90,86,82,90,82,91,80,92,81,126,82,129,85,132,85,136,88,140,89,156,93,156,93,168,98,171,99,175,113,175,114,184,153,183,155,180,162,180,164,175,169,175,173,172,174,169,177,166,179,162,183,160,185,155,185,148,189,145,190,143,190,131,193,127,192,101,195,100,195,80,189,79,185,77,185,73,184,72,182,65,180,64,179,58,176,56,175,53,157,53,156,50,151,49,151,46
288,91,289,103,294,106,305,108,310,113,312,116,315,117,315,118,329,119,330,121,335,121,336,122,350,121,355,123,370,123,373,120,373,118,375,115,375,108,373,106,365,105,359,102,355,102,328,96,323,94,320,90,310,88,294,88
332,110,312,110,311,113,303,113,300,115,296,115,296,118,293,120,292,123,288,127,284,127,281,129,278,135,276,136,275,141,273,141,272,144,270,145,269,158,267,160,267,173,272,173,271,176,268,176,268,188,270,190,270,207,270,209,279,209,283,211,283,215,285,216,285,223,287,224,307,223,307,218,310,217,310,211,311,211,311,207,321,206,324,200,333,193,334,190,338,188,338,185,341,185,344,172,345,171,345,164,346,161,348,161,348,121,336,121,335,120,334,120
80,239,80,267,82,272,84,272,85,274,100,277,135,276,140,278,162,278,166,276,175,276,176,275,185,275,185,274,195,274,202,272,206,272,210,270,220,266,229,265,230,263,235,263,238,260,245,260,246,258,254,255,255,250,255,223,251,218,246,217,240,217,232,215,211,215,205,214,148,214,135,213,99,213,98,218,89,218,86,220,83,226,83,232
480,214,477,216,475,220,475,233,477,236,482,238,481,240,480,240,480,253,480,256,485,261,487,268,487,275,491,285,491,290,493,291,493,293,496,295,496,296,502,302,509,305,544,304,548,302,552,302,555,301,563,300,571,292,570,268,569,267,567,264,566,251,561,245,560,237,558,233,557,227,554,223,546,218,543,213,540,210,522,210,521,209,499,209,496,211,492,212,490,214
293,286,291,289,287,289,285,293,283,294,280,297,281,318,286,321,288,327,290,328,290,332,299,332,302,334,315,334,320,326,321,318,325,312,325,298,315,288,310,288,308,286
200,306,200,313,205,316,226,316,230,316,235,313,235,305,231,303,204,303
150,320,150,331,158,336,183,337,213,337,216,335,219,335,219,320,213,318,201,316,158,317
211,320,211,335,215,335,220,337,273,338,277,337,280,335,280,324,275,320,271,320,270,319,250,318,217,318
444,330,444,337,448,339,451,343,456,344,498,344,504,343,504,341,509,340,510,338,510,331,510,330,505,329,459,328,449,328
429,338,429,342,426,343,426,350,425,351,425,361,422,361,422,369,418,371,418,375,415,376,415,398,418,400,418,405,421,408,421,410,423,411,423,417,414,420,414,442,420,445,420,451,420,478,543,479,542,460,539,458,539,456,540,454,540,428,536,419,532,417,532,396,554,395,554,393,555,391,555,367,554,365,550,365,549,364,544,363,543,340,537,338,440,336
425,338,424,361,422,361,422,369,418,371,418,375,415,376,415,398,418,400,418,405,421,408,421,410,423,411,423,417,414,420,414,442,420,445,420,451,420,478,543,479,542,460,539,458,539,456,540,454,540,428,536,419,532,417,532,396,554,395,554,393,555,391,555,367,554,365,550,365,549,364,544,363,543,340,537,338,440,336,434,338
429,338,429,344,426,345,426,350,425,351,425,361,422,361,422,369,418,371,418,375,415,376,415,398,418,400,418,405,421,408,421,410,423,411,423,417,414,420,414,442,420,445,420,451,420,478,542,479,542,460,539,458,539,456,540,454,540,428,536,419,532,417,532,396,554,395,554,393,555,391,555,367,554,365,550,365,549,364,544,363,543,340,537,338,440,336
