225,64,225,71,228,73,250,73,254,72,256,70,256,64,253,61,233,61,229,61
215,87,215,95,220,98,225,100,269,99,279,98,282,96,282,87,280,85,276,83,260,82,238,82,220,83
129,112,128,121,130,123,133,125,139,126,158,126,165,125,169,122,169,114,167,112,164,110,154,108,139,108,131,110
125,131,125,140,127,142,131,144,162,144,170,143,174,140,174,131,169,127,129,127
232,132,228,134,225,139,225,156,228,159,232,161,244,161,249,159,250,156,252,147,252,138,248,133,245,132
123,150,123,157,125,160,130,162,166,162,172,161,175,157,174,149,171,147,165,146,130,146,127,146
468,152,468,158,470,159,470,161,475,164,481,165,522,165,530,160,530,152,525,147,521,147,497,147,491,146,483,146,477,147
475,152,473,150,468,148,453,147,441,149,430,149,414,152,407,152,403,154,392,156,387,159,385,162,385,170,385,172,389,174,392,174,400,176,410,176,430,174,436,172,440,172,441,171,469,169,477,163,477,156,475,155
491,182,485,186,485,195,487,197,495,201,507,201,514,197,515,195,515,189,513,185,508,182
549,185,545,188,545,195,549,200,553,202,562,202,567,201,570,199,572,196,572,189,570,186,564,184,555,184
209,216,209,223,211,225,216,226,260,227,265,225,265,217,261,214,259,214,212,213
580,222,579,229,576,231,575,231,575,237,581,237,583,239,583,242,585,242,587,244,599,244,600,247,604,248,622,248,626,247,634,241,634,239,635,238,636,235,636,227,629,222,619,220,600,220,595,221,587,221
564,260,564,267,568,271,577,273,590,274,620,274,628,269,627,261,622,257,615,256,600,256,592,255,574,255,566,257
165,279,165,293,170,296,174,297,199,298,214,296,235,296,260,298,266,296,270,291,270,281,266,276,263,275,259,275,258,274,254,274,253,272,232,272,230,274,228,272,216,272,193,274,170,274
429,289,429,295,432,299,436,300,464,300,469,297,469,291,466,289,462,288,450,287,433,287
