142,35,142,45,150,49,162,50,190,50,193,49,200,49,200,38,194,32,148,32
147,65,147,75,150,77,160,78,185,78,189,77,193,75,193,66,188,62,156,61,150,63
130,81,130,90,135,94,144,96,155,96,167,94,171,94,179,96,202,96,209,93,209,85,205,80,198,79,183,79,173,75,150,75,149,76,135,77
129,97,129,105,132,108,150,109,163,108,166,110,181,111,204,111,209,109,209,100,204,96,169,96,164,94,144,93,135,94,130,95
122,115,122,122,124,124,130,126,162,126,165,128,190,130,211,130,217,128,217,119,211,115,175,114,172,113,168,113,161,110,127,111,124,112
133,133,133,140,135,143,137,143,161,143,169,145,200,145,204,143,204,134,198,131,165,130,161,129,140,129,136,130
471,123,441,124,434,126,434,127,429,130,430,145,439,146,455,146,460,145,465,141,470,133
587,139,587,148,594,151,600,152,603,154,610,156,621,156,634,153,634,145,628,141,624,136,620,134,600,134,590,137
498,137,497,148,500,156,503,156,504,157,508,157,520,161,535,161,535,158,537,158,537,150,530,139,512,134,504,134
545,166,543,168,543,175,545,181,548,184,560,187,568,193,571,194,585,194,587,193,589,189,589,180,587,177,585,177,582,175,576,174,570,168,565,166
385,190,381,188,349,188,343,190,341,193,341,198,345,201,380,201,384,200,385,198
639,215,625,213,605,213,601,215,598,218,597,221,593,224,587,225,579,224,520,224,515,226,510,230,509,234,509,245,511,248,518,252,544,253,560,251,565,250,582,250,588,249,593,246,605,246,613,243,639,242
0,238,0,249,3,251,10,254,24,255,40,255,48,253,52,250,52,240,50,238,45,236,37,235,8,235
0,379,9,379,10,378,15,378,28,375,30,373,30,370,34,368,36,365,45,361,45,357,53,357,53,348,39,345,0,345
0,379,9,379,10,378,15,378,28,375,30,373,30,370,34,368,36,365,42,362,55,358,55,351,53,350,53,348,39,345,0,345
