580,2,577,5,577,8,575,9,575,19,577,22,580,23,580,26,584,28,602,30,611,33,620,33,621,35,639,34,639,0,598,0,597,2
596,9,596,30,603,30,612,33,621,33,622,35,639,34,639,6,605,6,600,9
639,30,635,30,634,31,624,31,615,33,612,36,613,43,617,45,625,46,639,46
567,35,567,43,570,45,598,46,613,42,613,35,608,33,573,31
463,70,463,81,466,85,473,86,537,86,552,86,557,84,558,69,549,66,475,65,466,67
550,70,550,84,555,86,639,87,639,66,600,68,592,66,560,66,555,68,552,70
462,70,462,82,465,85,472,87,595,86,639,88,639,65,598,66,593,65,558,65,554,66,550,65,475,65,465,66
273,81,273,91,279,95,280,97,289,99,290,100,320,100,331,96,335,91,334,78,328,73,320,70,288,71,280,74,275,78
365,71,364,73,364,104,361,107,361,121,364,126,366,128,370,128,378,130,378,138,380,139,395,140,420,138,424,137,462,137,465,135,465,123,461,121,450,120,450,106,447,102,442,100,427,99,427,86,423,82,419,80,407,80,405,76,404,71,397,68,374,67,369,68
80,90,80,104,83,109,85,110,88,115,95,116,97,119,104,119,110,120,150,120,154,119,204,118,218,114,223,110,226,108,227,106,226,86,216,76,205,73,164,74,106,73,96,75,90,78,84,83
367,72,365,75,365,100,370,105,382,107,421,106,421,103,425,99,425,88,420,83,416,81,405,81,402,78,401,73,395,69,375,68,370,70
463,94,463,106,467,110,473,111,550,111,561,110,572,111,585,111,591,110,599,111,625,111,632,109,635,109,634,92,625,90,596,90,592,91,582,89,528,89,522,90,513,88,475,88,466,90
463,94,463,106,467,110,473,111,550,111,561,110,572,111,585,111,594,110,599,111,628,111,632,112,639,112,639,90,596,90,592,91,582,89,528,89,522,90,513,88,475,88,466,90
588,94,589,108,600,110,624,110,630,108,633,108,632,93,630,92,623,91,598,91,595,91,590,94
631,91,626,94,626,108,628,108,631,110,639,111,639,91
447,107,445,103,435,101,424,101,421,100,375,100,374,101,368,103,363,108,363,119,365,124,368,126,372,126,381,129,395,129,412,127,413,128,425,128,427,127,435,126,445,122,447,120
528,120,528,130,538,135,575,135,585,133,639,134,638,115,547,115,534,116
467,120,467,129,468,130,474,132,509,133,515,129,515,121,510,117,473,117,469,118
462,125,458,123,442,123,436,122,435,121,392,122,386,123,386,136,409,136,420,135,459,135,462,133
365,71,364,73,364,104,361,107,361,121,364,126,366,128,370,128,375,130,377,130,378,135,383,135,384,138,387,139,412,139,424,137,462,137,465,135,465,123,461,121,450,120,450,106,447,102,442,100,427,99,427,86,423,82,419,80,407,80,405,76,404,71,397,68,374,67,369,68
478,176,477,188,475,193,475,204,477,208,485,215,495,218,495,220,526,221,538,216,541,214,545,204,547,200,547,185,544,180,540,176,530,174,509,173,485,173
90,205,81,211,76,220,76,233,79,240,85,244,97,246,99,248,120,248,124,246,131,241,135,235,135,223,132,219,126,214,126,213,118,207,115,207,111,205
