428,24,428,41,430,45,434,46,445,49,461,49,475,56,489,57,490,59,504,59,509,58,510,57,515,56,518,54,522,47,528,45,533,40,535,35,535,23,532,16,525,13,492,11,471,10,457,10,439,11,432,16
422,81,422,97,426,97,427,100,432,101,432,115,436,119,443,123,479,126,482,128,490,129,491,132,511,132,515,128,527,128,545,120,552,120,554,117,557,116,558,112,561,111,563,108,563,103,565,103,565,83,565,81,562,81,562,73,556,73,556,65,554,63,551,63,550,61,546,60,530,60,527,58,519,58,518,56,507,56,506,55,487,55,484,56,475,56,445,64,435,70,430,75
278,89,276,91,276,102,280,106,280,111,283,114,293,116,306,116,307,115,329,115,329,113,332,106,333,88,330,85,323,83,291,84
195,111,195,120,200,125,221,125,229,121,230,111,228,109,224,107,202,106,200,107
139,116,139,131,165,130,166,126,166,116,163,114,145,113
295,110,295,113,288,115,280,122,279,145,280,148,285,152,286,154,289,154,294,156,309,156,312,155,328,155,334,151,340,145,342,139,342,128,340,118,330,110,330,108,305,108
136,125,134,128,130,128,130,130,126,131,122,135,122,155,125,159,133,165,133,171,135,173,145,176,162,175,167,173,169,165,173,162,179,155,179,151,180,150,180,141,179,135,170,130,167,125
221,125,206,125,197,127,193,130,187,139,185,140,185,154,190,161,192,161,204,169,204,171,214,171,214,167,220,165,232,164,238,158,240,155,240,136,230,128
478,133,478,140,480,141,480,152,485,155,488,155,492,158,545,158,555,153,556,145,559,145,559,137,554,133,548,131,540,131,540,130,534,130,524,127,518,127,517,126,490,126,483,129,480,133
297,108,296,110,294,110,293,113,290,113,287,114,279,121,279,147,285,154,288,154,293,156,293,158,295,158,295,164,300,168,308,170,325,170,332,168,336,165,336,154,334,150,340,145,342,139,342,128,340,117,330,110,330,108
144,112,140,113,136,116,135,126,132,128,130,128,130,130,126,131,122,135,121,153,125,159,133,165,133,171,135,173,145,176,160,176,167,173,169,165,173,162,178,156,179,151,180,150,180,137,179,135,170,130,168,126,168,115,165,113
200,126,193,130,187,139,185,140,185,154,190,161,192,161,204,169,205,173,208,176,212,177,229,177,232,176,235,173,235,161,238,158,240,152,240,136,230,128,221,125,206,125
