277,5,277,18,278,20,285,25,314,24,321,21,322,20,322,3,318,0,284,0,280,1
317,3,318,19,322,21,346,22,351,20,353,16,353,5,350,1,321,0
172,5,172,19,175,20,176,22,180,25,191,25,198,27,216,27,218,25,224,25,225,27,239,27,243,26,246,24,246,13,245,12,245,8,244,7,244,2,242,2,241,0,175,0
98,190,98,224,99,226,104,227,104,241,107,244,108,246,114,247,115,250,133,250,137,248,138,250,150,251,155,255,218,255,228,254,248,258,310,256,315,253,317,250,318,246,318,213,316,206,309,197,307,195,291,195,289,194,284,194,283,189,282,185,279,184,278,180,264,169,230,168,228,170,226,168,199,168,187,165,169,165,166,167,165,169,153,169,152,170,117,170,112,174,112,175,111,178,106,181,103,182
98,190,98,224,99,225,100,233,101,235,103,241,104,241,110,247,114,247,115,250,133,250,137,248,138,250,150,251,155,255,218,255,228,254,248,258,310,256,315,253,317,250,318,246,318,213,316,206,309,197,307,195,291,195,286,191,284,191,282,185,280,185,279,180,277,178,267,172,264,169,230,168,228,170,226,168,199,168,187,165,169,165,166,167,165,169,153,169,152,170,117,170,112,174,112,175,111,178,106,181,103,182
98,190,98,224,99,225,100,233,101,235,103,241,104,241,108,246,114,247,115,250,133,250,137,248,138,250,150,251,155,255,218,255,228,254,248,258,310,256,315,253,317,250,318,246,318,213,316,206,309,197,307,195,291,195,289,194,284,194,283,189,282,185,279,184,278,180,264,169,230,168,228,170,226,168,199,168,187,165,169,165,166,167,165,169,153,169,152,170,117,170,112,174,112,175,111,178,106,181,103,182
98,190,98,224,99,225,100,233,101,235,103,241,104,241,110,247,114,247,115,250,133,250,137,248,138,250,150,251,155,255,218,255,228,254,248,258,310,256,315,253,317,250,318,246,318,213,316,206,309,197,307,195,289,195,286,191,284,190,282,185,280,185,279,180,277,178,267,172,264,169,230,168,228,170,226,168,199,168,187,165,169,165,166,167,165,169,153,169,152,170,117,170,112,174,112,175,111,178,106,181,103,182
169,253,168,251,164,250,160,245,148,245,135,248,127,247,124,249,122,254,122,266,124,270,127,273,149,273,163,275,165,274,170,269
206,250,207,269,216,272,233,274,235,272,238,266,238,254,235,249,233,247,213,246
211,256,209,255,209,251,200,247,188,249,171,248,168,250,167,253,165,254,165,265,165,269,167,269,172,273,206,275,211,270
260,303,260,315,262,319,265,320,282,318,305,318,307,315,307,302,302,300,295,300,290,298,263,298
304,304,304,315,307,318,310,319,313,321,322,320,324,319,340,320,344,319,346,315,346,304,342,300,307,300
309,320,309,334,314,339,325,339,328,337,342,339,345,337,347,335,347,324,346,321,344,320,340,320,333,316,326,316,322,314,316,314,312,315
15,340,16,353,17,355,22,357,53,357,60,355,81,356,85,355,99,356,104,355,106,352,105,339,105,337,101,336,69,336,57,334,40,333,35,335,18,335
202,342,202,355,202,356,206,358,251,360,270,359,274,355,274,343,271,339,254,339,241,337,230,337,225,339,212,338,204,339
322,343,321,340,317,338,301,339,298,342,296,342,296,355,298,355,300,357,318,359,321,357,322,355
270,344,270,355,275,357,297,357,300,355,300,342,294,340,274,340
300,395,300,410,306,416,308,416,309,419,319,419,321,417,324,417,326,413,327,397,324,392,321,390,319,388,309,388,303,391
117,404,117,417,120,423,123,425,146,424,148,422,151,415,151,405,150,401,148,398,144,396,124,396,120,399
105,437,105,450,107,453,159,452,162,451,164,448,164,439,162,435,161,435,149,435,146,433,110,432,107,433,105,435
15,437,15,448,17,451,19,452,72,451,74,449,74,438,71,435,41,435,35,433,18,434
205,438,205,448,208,451,240,451,243,450,244,447,244,438,240,434,224,435,217,434,209,434,207,435
289,438,289,448,291,451,337,451,341,449,341,438,338,435,324,436,292,434,289,436
165,555,163,562,163,572,164,578,169,588,172,591,185,591,188,590,192,586,195,581,196,575,196,560,195,560,195,556,193,555,191,552,187,549,175,548,171,550
14,600,14,611,15,614,18,615,53,615,56,615,58,612,58,603,56,600,53,599,30,597,16,598
157,600,157,613,158,615,161,616,201,615,203,613,202,601,198,598,161,597
71,603,71,614,75,617,136,618,141,617,144,614,144,603,141,599,139,598,128,599,102,597,76,597,73,598,72,600
225,603,225,611,228,615,273,615,277,612,277,601,274,599,262,600,257,598,229,598,227,599
303,601,303,615,306,617,337,617,340,616,343,613,343,604,342,601,339,600,331,600,329,598,307,598
