501,188,501,196,507,198,524,198,528,197,530,195,530,189,525,186,506,186
237,196,235,191,224,189,209,189,200,184,185,184,179,186,140,187,136,189,128,189,124,192,123,198,121,201,122,216,135,216,137,218,137,222,141,222,149,224,181,224,202,222,206,224,230,224,233,223,236,219
237,195,235,191,224,189,209,189,200,183,185,183,178,186,140,186,135,189,127,189,123,191,122,197,120,200,120,207,119,209,119,222,122,224,128,226,144,226,147,224,181,224,201,222,205,224,233,223,235,221,237,215
586,195,584,201,584,211,586,216,595,222,599,224,609,224,639,224,639,190,600,190,597,191,594,191
350,200,350,209,352,212,356,214,415,214,420,216,423,219,426,221,450,221,455,218,457,212,456,201,455,198,450,196,434,196,411,195,396,196,380,194,359,194,355,196
469,202,469,211,475,215,487,216,495,212,496,209,495,201,490,197,477,197
0,211,0,227,35,227,37,227,40,224,40,218,35,214,20,214,10,211
472,217,470,220,470,227,472,230,476,232,487,232,492,229,493,219,490,217,485,215,478,215
185,310,184,320,185,325,188,327,217,328,225,325,227,323,227,313,226,311,220,307,191,306,187,308
391,317,391,324,395,327,417,328,421,325,422,323,422,318,420,315,416,314,397,314,392,316
436,345,435,343,428,341,389,342,385,343,384,345,384,353,386,355,392,357,431,357,434,356,436,354
386,368,386,376,391,378,424,378,428,377,427,367,423,366,397,365,390,366
