269,78,265,75,262,75,259,74,252,74,247,72,244,72,242,71,222,71,218,72,210,75,203,77,193,82,192,95,195,98,195,100,200,102,220,102,229,99,233,99,253,96,263,93,264,92,265,92,268,89
630,82,621,83,619,87,616,88,610,96,610,104,618,116,621,119,630,120,639,120,639,82
443,112,440,108,434,105,365,106,360,106,355,109,355,119,360,121,364,122,408,123,425,123,442,120
448,105,443,107,442,109,440,110,439,112,435,113,435,114,435,120,437,123,437,125,443,131,448,134,465,134,474,130,477,126,478,116,470,108,466,105
365,123,365,130,373,132,427,132,434,130,434,122,432,121,425,120,425,119,386,119,385,120,368,120
526,135,527,141,530,142,535,143,565,144,570,143,573,140,573,134,567,131,546,131,545,130,536,130,533,131,533,132,530,133,529,133
144,136,141,139,141,147,145,150,154,151,168,151,177,149,179,146,179,139,174,135,151,134,147,135
520,232,519,239,525,241,540,241,544,240,545,239,545,233,540,230,528,230
551,243,548,241,540,240,513,240,506,242,506,250,511,253,545,253,550,251
181,237,170,243,170,247,167,249,167,261,169,267,182,273,195,276,209,277,226,277,232,275,241,267,244,264,244,262,246,260,246,253,245,253,244,245,240,241,234,238,231,238,228,235,187,236
390,273,390,280,393,282,400,283,430,283,434,282,438,278,437,272,429,270,399,269,394,270
511,280,511,285,513,287,516,288,550,288,555,287,558,285,557,277,550,276,520,276,515,277
392,300,392,307,401,310,435,310,438,309,442,306,441,300,438,298,435,297,404,297
