50,8,50,17,55,22,60,23,102,23,107,22,112,19,114,16,114,10,111,6,108,3,102,2,62,2,55,4
60,72,55,78,55,88,64,96,71,97,96,97,105,94,110,90,111,86,111,78,109,75,101,71,92,69,70,69
515,81,514,85,514,91,516,95,541,95,545,91,545,83,540,80,523,78
506,96,506,101,510,102,510,105,512,107,512,115,523,115,523,111,525,109,538,109,540,107,544,107,547,103,547,95,541,90,515,90,510,95
545,81,541,78,532,77,519,78,513,81,512,92,509,95,506,95,500,98,495,99,475,100,472,103,470,103,467,107,466,117,471,124,476,126,489,126,496,121,505,120,511,116,524,115,524,112,526,110,539,110,541,108,545,107,548,104,548,94,545,92
600,114,600,124,603,128,607,131,612,132,627,132,628,131,637,128,639,126,639,113,632,111,610,110,605,111
61,218,61,227,65,230,75,232,91,232,95,230,104,230,109,225,109,217,105,214,101,213,75,213,72,214,67,214
0,216,0,232,17,232,24,230,25,220,20,216
487,265,488,273,494,276,502,278,515,277,519,279,540,279,545,277,550,274,551,271,550,262,542,259,533,257,521,258,520,257,511,257,510,258,500,258,494,260,488,263
550,409,551,418,556,420,560,420,627,420,635,419,636,417,636,409,632,405,629,405,601,404,595,405,585,404,559,404,553,406
