391,122,384,127,383,136,386,141,392,145,399,146,415,146,422,139,422,129,420,125,414,121,395,121
284,141,281,143,282,161,279,165,280,175,286,178,305,178,310,176,326,176,330,175,333,172,333,162,331,160,327,157,327,153,330,150,329,140,323,137,301,137,289,139
197,160,197,166,200,167,200,168,198,169,196,172,196,178,200,181,211,181,215,179,246,179,251,175,255,174,258,169,258,157,252,152,245,151,220,151,214,152,208,156,203,156
258,156,253,152,246,150,219,150,213,152,207,155,200,156,197,159,174,159,168,165,168,174,171,177,176,177,178,179,178,185,197,185,202,181,213,181,215,186,219,189,223,190,240,190,247,187,248,178,255,174,259,169
259,156,253,151,246,150,218,150,212,151,206,155,200,156,196,159,173,159,167,164,167,174,169,175,169,182,171,184,174,185,197,185,202,181,212,181,215,187,220,190,243,190,248,186,248,178,255,174,259,169
489,237,484,234,477,232,400,234,398,235,393,239,393,246,395,249,405,250,407,251,439,250,440,249,463,250,465,249,470,249,472,247,484,248,484,245,486,244,489,244
490,236,485,233,478,232,400,234,397,234,392,238,392,247,394,249,401,250,403,251,403,259,407,261,412,262,455,262,463,260,470,260,475,259,479,257,480,249,485,249,485,246,487,244,490,244
479,247,478,246,474,246,470,244,439,245,438,246,434,246,433,245,410,245,407,246,404,249,404,258,406,260,413,262,454,262,462,260,469,260,477,257,479,256
319,254,316,259,317,269,326,275,337,276,358,276,364,274,369,269,370,258,367,254,360,250,355,249,334,249,325,250
422,313,422,319,428,323,455,324,460,321,461,319,460,311,453,309,428,309
