297,0,296,9,295,13,295,21,297,26,296,34,300,39,306,39,306,41,316,41,318,40,318,36,320,33,321,27,323,26,323,14,320,9,319,2,317,0
305,44,304,46,304,54,300,59,299,65,295,71,295,83,298,87,302,90,318,90,320,89,325,82,324,51,322,46,318,44
488,148,488,156,490,157,506,158,512,156,513,149,510,147,505,146,493,146,490,147
506,149,506,156,509,159,530,160,534,158,535,152,532,149,524,147,514,147
341,152,341,158,345,160,352,161,361,161,370,159,372,157,372,152,369,150,366,149,348,149
322,153,321,160,325,162,342,162,347,158,347,152,345,151,330,151,325,151
378,163,378,171,381,177,390,181,391,183,398,183,400,185,410,185,410,186,435,185,436,184,441,184,443,183,451,183,459,182,468,182,475,179,480,173,480,160,475,155,470,153,461,152,458,151,394,151,384,155
491,159,491,164,493,166,496,167,527,168,532,166,532,158,530,156,496,156,494,156
368,162,366,159,361,158,352,158,345,159,328,159,325,163,325,168,326,169,331,170,363,170,368,167
361,216,361,228,365,228,370,230,416,229,424,228,427,225,427,215,423,212,416,211,372,211,363,213,363,215
261,323,260,331,269,337,288,336,293,333,293,324,286,321,270,321
397,328,396,335,400,338,404,339,428,340,433,339,436,336,436,329,434,327,430,326,402,326
400,347,400,354,402,356,428,356,434,354,434,346,430,344,408,344,403,345
