28,22,29,32,37,38,39,38,54,42,78,42,84,42,101,41,115,42,133,42,139,40,141,39,143,36,143,26,141,23,138,21,121,21,117,21,115,20,109,20,104,19,99,16,89,16,81,17,65,17,64,18,61,19,52,18,51,16,36,15,31,18,29,22
234,94,234,111,235,113,248,114,267,114,276,113,280,110,279,101,271,99,270,95,267,93,261,93,257,92,238,92
233,116,233,122,236,124,240,125,257,125,257,124,261,124,274,124,277,123,277,116,274,113,264,113,255,112,239,113,235,114
233,115,233,124,231,126,231,132,235,135,247,136,259,135,260,136,276,136,290,133,292,130,292,121,289,120,279,119,278,116,275,113,264,113,255,112,238,112,235,113
163,125,164,131,167,133,194,133,195,124,193,123,167,123,166,123
162,125,163,132,167,133,190,134,192,135,198,136,223,136,227,135,228,134,227,127,223,124,213,124,210,124,196,124,194,122,174,122,165,123
145,153,146,162,150,164,155,164,156,165,156,169,158,171,163,172,187,173,200,174,219,174,222,173,223,168,229,168,232,166,233,165,233,157,231,155,226,154,226,146,223,145,220,144,220,143,213,143,212,137,209,136,203,136,200,134,194,133,182,133,177,132,164,132,161,133,158,136,158,140,152,143,151,146
348,137,343,133,340,133,326,133,322,134,309,134,301,135,284,135,281,136,277,139,277,146,281,148,287,150,299,149,300,148,305,148,306,147,320,147,327,146,329,146,343,146,348,143
277,148,277,155,281,157,325,156,331,155,333,153,332,147,328,145,284,145,279,146
145,153,146,162,150,164,155,164,156,165,156,169,158,171,163,172,187,173,200,174,219,174,222,173,223,168,229,168,232,166,233,165,233,157,231,155,226,154,226,146,223,145,220,144,220,143,214,143,213,138,210,138,209,136,203,136,200,134,194,133,182,133,177,132,164,132,161,133,158,136,158,140,152,143,151,146
295,161,295,166,297,168,300,169,316,169,320,166,320,160,313,158,299,158
294,171,294,176,298,178,300,179,315,179,318,178,319,176,319,170,318,169,314,168,299,168
