0,60,0,93,12,95,42,95,45,93,80,93,88,92,96,89,98,87,100,83,100,69,97,66,86,60,70,59
0,84,0,125,126,128,140,126,147,123,151,120,151,100,149,96,141,91,136,89,113,86,95,86,91,87,80,87,76,88,55,89,54,88,46,88,44,87,42,86
201,91,200,92,197,92,196,99,180,99,177,101,177,105,175,105,175,110,173,111,170,115,170,121,169,126,166,128,166,144,169,146,169,148,175,156,179,159,185,159,188,160,199,160,212,164,246,164,250,162,258,157,265,150,269,135,269,114,266,113,265,111,261,107,260,102,258,100,258,97,255,95,251,95,250,93,245,93,244,91,236,89,213,89
288,106,285,108,285,110,283,113,280,125,280,131,278,135,279,156,285,167,295,171,300,171,307,174,337,173,338,174,344,175,365,175,365,174,375,173,378,171,380,171,390,166,391,164,395,160,397,154,398,131,393,121,391,120,389,116,389,113,386,113,385,112,384,107,376,106,372,105,370,105,363,101,355,98,312,98,310,100,299,100,293,104
0,129,0,143,10,144,40,145,57,144,60,143,63,143,63,132,58,130
56,132,56,144,59,145,66,145,68,146,100,147,117,146,126,148,151,148,155,147,157,145,156,136,150,134,119,133,115,132,85,132,79,131,58,131
64,131,64,145,66,145,68,146,100,147,117,146,126,148,151,148,155,147,157,145,156,136,150,134,119,133,115,132,85,132,79,131
433,116,433,118,429,120,427,122,425,122,425,133,419,134,416,142,416,168,418,170,421,179,424,180,430,185,438,186,443,187,465,187,466,189,473,189,480,191,510,191,525,190,545,186,551,180,555,168,555,150,549,133,543,128,542,126,540,125,538,122,534,121,528,117,525,117,525,116,514,115,509,112,499,112,495,111,489,110,488,109,466,109,465,110,463,110,462,112,458,112,457,115
0,149,0,164,10,164,17,165,74,166,79,167,89,167,104,169,125,169,130,170,150,170,155,169,157,166,157,156,153,154,148,152,129,151,75,151,68,150,14,150,9,149
608,221,608,230,610,234,615,236,620,237,639,237,639,216,618,216,613,217
