23,32,23,41,27,43,33,45,57,46,63,45,67,41,67,33,63,29,58,27,35,27,26,29
436,36,437,43,440,45,446,47,467,47,475,44,478,41,478,34,477,32,473,30,446,30,440,31
77,40,77,48,81,53,87,55,114,55,122,53,125,50,125,41,120,37,117,36,89,36,80,37
383,43,382,52,388,56,400,57,413,57,420,55,423,52,423,43,422,41,419,39,408,38,390,38,388,39
130,47,130,56,134,60,140,62,174,62,180,58,182,58,182,52,167,42,160,41,159,39,150,39,141,43,133,45
324,49,324,57,328,58,328,64,340,64,346,65,365,64,371,59,370,48,363,45,337,45
178,50,178,57,180,60,186,64,212,64,217,63,221,60,224,60,227,56,227,50,222,50,222,46,218,46,217,45,209,45,208,42,200,42,200,38,191,38,185,45
281,52,281,61,285,63,291,65,324,65,324,61,326,60,326,58,328,57,328,50,325,49,319,49,315,48,294,47,284,50
230,52,230,61,235,65,246,66,261,66,268,64,270,62,270,52,265,49,239,49,234,50
27,80,27,88,31,94,36,97,40,97,46,100,108,101,124,98,124,91,126,91,127,78,125,75,120,72,109,70,45,70,39,71,35,73,29,77
116,78,116,87,115,88,113,89,113,98,120,102,123,104,143,106,170,106,182,108,203,108,209,106,212,106,215,104,219,104,220,87,208,78,200,77,175,77,166,75,155,75,145,77,140,78
210,88,210,104,214,107,215,107,218,109,222,110,241,110,250,112,271,112,282,109,282,103,285,102,285,93,280,92,275,88,268,85,253,84,246,82,223,82,220,83
276,93,276,100,274,101,274,110,280,114,297,118,345,119,354,115,357,108,357,94,356,91,353,89,353,88,350,87,340,86,323,86,320,84,296,85,287,87,280,92
246,181,246,192,249,194,255,195,255,196,268,198,290,198,299,195,301,193,301,184,300,180,295,177,276,176,272,174,257,174,254,175,250,177
227,407,225,403,223,402,220,401,175,401,163,400,131,400,125,401,96,401,93,402,78,401,21,401,7,402,2,405,0,407,0,416,2,419,5,421,13,423,97,423,116,421,130,423,212,423,222,421,226,419
