222,0,222,6,227,8,270,8,275,6,274,0
520,7,520,16,523,19,526,20,583,21,590,20,595,18,600,18,600,2,525,3,522,4
400,9,397,6,389,4,332,5,328,6,325,10,325,18,326,21,335,22,391,22,395,21,400,17
165,9,165,17,172,19,212,19,219,17,220,16,220,9,219,7,216,7,170,7,167,7
494,11,493,10,489,8,479,7,440,8,435,12,434,19,437,22,441,23,485,23,487,22,491,22,494,19
228,28,228,37,230,39,234,40,256,40,262,36,262,29,258,26,232,26
503,30,498,28,485,27,449,28,441,30,438,31,438,37,439,38,452,41,470,40,476,41,495,41,501,40,503,38
603,41,603,48,606,50,632,51,636,50,639,47,639,41,636,39,634,38,610,38
238,40,238,45,234,46,233,47,234,56,238,57,258,57,264,56,265,47,260,45,260,40,258,38,247,38
301,46,301,52,303,53,306,55,327,55,333,53,335,52,335,45,333,43,330,43,307,43
233,47,233,54,235,56,258,57,262,56,265,55,265,47,260,45,240,45,234,46
