52,35,44,30,38,28,0,29,0,59,39,59,39,58,50,52,53,48
172,25,160,39,160,55,162,60,166,65,170,68,176,70,170,78,170,96,176,107,183,112,190,112,191,113,220,113,222,112,229,112,240,108,250,102,252,96,252,84,250,78,253,76,255,71,255,51,248,41,235,36,215,35,211,33,208,27,205,25,200,24,175,24
0,52,0,95,4,96,5,97,50,96,64,84,64,67,62,62,52,56,40,53
588,76,588,82,590,85,594,87,627,85,632,82,632,75,630,72,625,71,595,71,592,72
583,88,584,97,590,99,625,99,630,98,632,95,632,89,629,85,626,85,593,84,585,85
583,101,583,110,590,113,626,114,630,113,632,110,632,104,630,101,627,99,594,98,586,99
0,151,0,165,52,164,60,164,64,162,64,153,58,150,11,150,5,151
0,176,20,176,45,174,49,172,50,165,60,164,65,162,65,153,61,151,53,150,11,150,5,151,0,151
0,160,0,176,42,174,48,171,48,163,45,159
116,186,116,195,120,197,131,197,132,199,140,199,143,197,159,197,165,193,165,186,162,184,155,182,126,182,119,184
168,196,165,194,160,194,159,193,147,193,144,194,132,194,131,195,121,195,117,197,117,207,125,209,164,208,168,205
429,202,430,216,434,219,467,219,473,216,479,211,479,204,471,199,444,198,437,199,434,201,430,201
93,245,90,242,85,241,77,241,72,242,37,243,28,245,28,254,30,256,40,257,85,257,91,254,93,252
97,268,95,265,88,263,67,263,56,265,40,264,33,267,33,276,40,280,90,279,97,274
