148,35,125,35,120,40,115,46,114,117,116,123,115,129,114,156,113,160,112,160,111,185,110,188,102,193,96,203,96,212,93,221,93,238,91,243,91,267,93,270,99,275,108,279,128,279,143,277,149,273,151,273,150,245,148,245,148,238,145,235,146,233,148,232,148,219,156,217,156,198,158,192,157,124,159,118,159,86,158,85,159,84,159,53,158,48,155,42,150,36
280,194,280,211,283,215,299,215,303,211,303,202,301,200,300,195,298,192,284,191
281,236,280,248,281,251,284,254,295,254,299,251,301,247,300,235,298,233,285,232
148,35,125,35,120,40,115,46,114,117,116,123,115,129,114,156,113,160,112,160,111,185,110,188,102,193,96,203,96,212,93,221,93,238,91,243,91,267,93,270,99,275,108,279,128,279,143,277,149,273,151,273,151,259,152,258,152,235,146,235,145,234,149,232,151,229,151,219,156,217,156,198,158,192,157,124,159,118,159,86,158,85,159,84,159,53,158,48,155,42,150,36
0,255,0,305,4,305,8,297,8,290,13,277,13,267,10,260,7,256
284,274,281,280,281,288,282,292,286,296,297,295,299,293,301,287,300,276,296,272,287,272
464,315,461,315,461,309,446,309,429,316,423,316,415,319,411,321,412,339,418,339,420,340,430,340,436,339,443,335,459,333,461,331,461,327,464,325
418,330,417,328,415,327,415,323,402,323,385,325,383,328,377,329,371,332,369,336,369,347,370,349,393,348,395,350,406,350,408,348,413,347,413,345,418,340
92,317,92,334,93,335,93,342,95,344,100,345,101,349,109,352,115,352,122,358,127,360,129,362,151,364,154,362,156,358,158,346,158,327,155,320,148,318,147,315,141,310,135,308,120,307,118,305,105,305,99,307,99,310,96,313,94,313,94,316
92,317,92,334,93,335,93,342,95,344,100,345,101,349,109,352,115,352,122,358,127,360,129,362,151,364,154,362,156,358,158,346,158,327,155,320,149,318,147,315,141,310,135,308,120,307,118,305,105,305,99,307,99,310,96,313,94,313,94,316
246,627,246,639,435,639,435,621,436,620,436,595,435,595,435,591,433,591,428,583,425,581,418,581,412,577,380,576,373,580,367,579,353,579,353,577,350,576,331,576,329,577,328,579,322,579,319,581,311,582,302,580,285,580,276,583,265,583,257,585,256,596,254,598,254,600,252,600,251,603,250,603,250,626
