596,125,595,136,599,140,605,142,628,143,634,141,639,138,639,123,631,120,625,118,610,118,601,121
358,138,353,140,345,145,344,171,356,179,373,179,378,178,382,174,388,171,388,160,385,159,385,149,383,145,375,139
613,145,609,149,609,159,611,161,615,164,623,165,639,165,639,143,619,143
203,146,200,151,200,163,201,166,205,168,205,170,210,173,212,173,222,176,255,176,262,174,267,173,274,168,274,150,266,143,260,142,255,139,246,138,244,137,232,137,228,138,223,138,216,141,207,142,207,144
546,147,544,142,539,138,535,137,509,137,499,138,433,138,420,137,394,137,382,142,380,142,373,146,373,164,375,165,375,174,385,176,390,179,405,181,471,181,530,180,541,177,545,175,547,171
320,146,315,147,315,149,312,152,308,155,307,167,310,170,321,177,340,177,349,171,351,171,351,159,349,158,349,147,345,146,341,146,340,145,325,145,324,146
127,168,126,170,123,171,123,172,120,173,119,176,115,177,115,184,113,185,113,196,115,196,116,206,130,207,138,209,139,210,164,210,167,209,173,209,176,207,179,207,190,195,189,181,187,179,184,179,184,176,172,176,171,172,164,172,163,163,141,163,140,165,138,166,136,166,135,168
212,184,205,191,205,201,210,207,219,213,226,215,235,215,261,215,268,213,278,207,279,192,277,189,269,180,250,177,225,177,217,180
317,187,315,192,315,206,317,208,319,208,325,212,340,216,355,216,364,215,370,212,375,212,375,206,377,205,377,199,379,196,379,185,375,185,365,180,332,180,328,183,323,184
365,184,365,215,373,218,384,220,390,222,425,224,426,222,442,222,451,224,475,224,485,220,493,210,493,206,495,203,495,193,493,192,493,189,478,183,420,182,405,180,386,180
