136,50,136,59,140,60,142,63,153,65,160,68,210,68,221,65,223,61,222,51,213,45,208,43,186,44,174,41,160,41,151,43,145,43
55,71,61,74,70,75,102,75,116,73,123,71,130,66,130,56,125,53,80,52,75,55,68,55,62,56,61,58,56,59
637,85,631,78,626,76,624,74,608,74,602,75,564,77,537,77,519,80,512,80,506,83,500,87,496,93,496,106,499,110,508,115,549,115,566,113,581,114,582,116,600,116,600,111,615,111,622,110,630,110,632,108,633,102,636,99,637,96
195,81,195,85,193,85,193,96,195,97,190,98,190,107,204,115,210,117,245,118,271,116,273,115,280,115,286,113,295,109,298,105,298,90,294,86,290,85,287,82,280,80,263,78,258,76,243,76,239,76,238,75,218,75,215,75,214,76,198,80
425,106,420,113,420,128,423,130,427,130,431,133,440,135,450,135,458,137,468,137,478,134,484,129,485,122,487,117,487,108,484,108,478,106,478,100,476,98,469,96,455,96,449,98,444,103,439,105,430,105
278,130,275,125,270,123,239,123,218,127,212,130,199,130,195,131,193,132,186,132,176,135,172,135,168,136,164,140,164,153,167,158,175,161,190,163,202,163,203,161,211,161,212,160,218,160,222,158,254,157,260,155,265,154,267,151,274,149,275,145,279,145
639,135,635,135,632,132,625,129,600,129,599,130,591,131,570,131,554,133,522,138,491,138,483,143,483,154,484,156,485,157,486,161,492,164,499,165,504,167,510,167,514,168,573,168,583,167,585,166,606,166,607,168,621,168,628,163,632,163,639,160
0,145,0,178,17,180,22,181,47,181,55,179,65,175,67,171,67,155,61,151,60,149,50,146
221,221,219,226,218,237,219,242,224,246,234,248,270,248,275,246,277,243,278,233,275,229,271,228,270,225,265,221,249,218,232,218,225,220
316,226,316,233,320,237,348,237,352,236,355,234,355,226,349,223,322,222,320,223
390,236,385,231,379,229,365,229,362,230,354,231,319,232,315,236,315,245,321,249,375,251,387,248,390,245
123,255,123,262,125,265,138,271,148,271,149,270,155,270,193,270,204,267,207,264,207,254,204,250,199,249,135,248,125,251
380,352,380,361,386,365,405,365,410,364,422,365,423,366,434,366,435,365,440,365,445,361,445,351,441,349,433,348,410,348,401,347,392,347,382,350
455,365,451,362,443,361,440,360,431,360,430,361,423,361,415,363,385,362,380,365,380,375,381,376,387,378,410,379,413,378,420,379,452,378,455,377,455,375
472,380,471,378,463,375,456,375,453,373,420,374,416,376,392,375,381,378,380,380,380,390,386,395,405,395,412,393,417,393,420,395,435,395,465,393,469,391,472,388
380,396,380,405,383,409,449,409,456,407,461,403,461,393,452,390,437,390,435,389,420,389,411,390,409,389,390,389,383,392
380,408,380,417,382,423,437,423,439,422,446,421,452,417,452,408,449,403,383,403,381,404
380,421,380,432,381,434,388,436,415,437,420,438,445,438,451,435,454,431,454,423,452,421,445,418,382,417
380,403,379,407,379,433,383,436,387,437,414,438,420,439,445,439,452,436,455,431,455,423,452,420,453,407,450,403,405,402
318,447,318,462,320,465,326,467,383,466,386,468,416,468,423,466,460,465,520,465,525,470,528,472,528,479,595,479,595,471,593,468,590,467,590,463,595,460,595,446,590,440,584,439,396,439,385,441,380,443,370,443,363,441,327,442,321,444
111,451,111,464,116,467,126,469,203,468,210,467,215,465,220,460,220,450,214,445,209,443,130,443,116,446
319,448,319,462,321,465,327,467,384,466,387,468,416,468,423,466,460,465,521,465,525,470,530,473,531,476,549,476,550,474,571,473,572,472,576,471,588,471,590,468,590,453,587,453,586,451,581,450,580,440,397,440,386,441,381,443,370,443,363,442,328,443,322,445
319,448,319,462,321,465,327,467,384,466,387,468,416,468,423,466,460,465,521,465,525,470,530,473,531,476,549,476,550,474,571,473,572,472,576,471,588,471,590,468,590,463,595,460,595,446,590,441,584,440,397,440,386,441,381,443,370,443,363,442,328,443,322,445
235,463,236,473,240,476,248,478,287,479,291,477,295,473,294,460,288,456,246,455,240,457
