285,160,285,174,286,176,296,178,326,178,328,174,327,161,323,159,318,159,313,157,288,156
215,180,215,195,217,197,232,198,233,200,238,201,260,200,263,200,264,196,268,198,280,197,283,199,322,200,324,201,336,201,336,199,338,199,341,195,343,189,342,171,338,170,303,170,293,168,293,166,279,166,275,168,269,168,245,163,220,162,218,165,218,171,216,174
216,174,216,189,229,190,231,191,231,197,238,200,260,200,262,199,263,195,268,197,280,196,283,198,328,199,328,179,320,179,319,176,319,170,303,170,293,168,292,166,279,166,275,168,268,168,251,164,220,162,218,165,218,171
216,175,216,189,230,190,232,191,239,191,240,193,251,194,252,199,262,199,263,195,266,195,269,197,281,196,284,198,303,197,311,199,328,199,328,180,318,180,318,170,303,170,293,169,292,167,280,167,270,170,268,168,251,165,233,164,230,165,230,170,228,171,219,170
216,174,216,189,229,190,231,191,231,197,238,200,260,200,262,199,263,195,268,197,280,196,283,198,328,199,328,179,320,179,318,175,318,170,303,170,293,168,292,166,279,166,275,168,268,168,251,164,220,162,218,165,218,171
213,195,212,216,213,218,216,219,256,220,258,218,259,215,265,215,270,218,282,218,288,215,288,200,284,196,279,195,277,194,251,196,233,195,225,191,216,191
212,195,211,216,212,218,215,219,256,220,258,218,259,215,265,215,270,218,282,218,286,216,304,215,304,200,288,199,284,195,279,195,277,193,251,195,233,194,225,190,216,190
203,225,203,245,205,250,207,250,251,252,252,246,268,246,268,231,265,229,252,228,251,219,244,215,239,215,235,211,211,210,206,215,206,221
308,229,280,230,278,232,264,233,263,236,263,246,270,246,275,245,280,246,294,245,298,248,304,248,308,245
203,225,203,246,205,250,207,251,258,253,258,247,278,247,305,250,310,246,310,227,278,229,277,230,267,230,265,229,253,228,252,219,245,215,240,215,235,211,211,210,206,215,206,221
309,360,310,376,313,381,317,383,320,385,330,385,336,388,345,388,346,385,365,383,370,380,372,375,372,364,370,360,363,355,358,355,350,353,338,354,317,352,312,355
