358,123,351,128,351,136,354,136,354,147,358,147,368,152,379,152,385,150,389,146,392,140,392,133,387,124,383,123,378,122,365,122
334,126,330,128,327,134,325,136,325,142,327,142,328,146,330,147,330,150,333,152,333,155,335,155,335,157,346,157,354,154,359,148,358,128,351,126
398,129,395,129,393,134,393,149,395,154,399,158,408,158,410,157,413,151,413,135,410,129
334,136,314,137,305,142,303,152,303,160,305,167,310,168,311,170,313,171,313,174,315,175,323,175,324,174,330,173,340,165,340,161,342,157,342,151,338,149,337,142,334,139
421,141,416,144,414,149,415,166,417,171,421,175,425,176,427,177,436,177,438,173,440,172,444,171,443,149,440,144,437,142,432,141
304,162,299,163,294,171,294,185,297,191,300,192,312,193,318,190,320,185,321,176,323,175,323,169,320,168,320,166,318,166,318,163,316,163,315,162
434,166,431,169,427,171,427,177,430,184,430,197,435,197,435,199,437,199,440,203,448,203,454,197,456,192,455,177,453,172,445,166
310,188,309,190,306,192,307,213,310,217,313,220,326,220,330,219,334,215,335,198,333,193,330,189,325,188
430,189,430,191,425,199,423,204,423,223,425,225,431,226,441,226,444,226,446,223,450,217,450,194,443,194,439,191,439,189
344,204,338,206,333,210,333,231,341,241,353,241,359,234,362,226,362,215,360,213,360,210,357,206,352,204
407,205,401,208,400,210,400,239,405,244,419,245,425,241,429,234,429,227,426,214,424,213,423,209,420,206
373,212,370,213,365,222,365,228,369,242,371,246,375,248,387,249,393,246,395,241,397,233,396,218,392,213,390,212
