383,50,383,55,386,58,390,59,417,59,422,57,423,55,423,48,421,47,417,45,389,45,385,47
356,50,356,55,360,57,382,58,388,55,388,49,382,47,361,47,359,47
162,52,162,59,167,62,171,63,202,63,210,61,213,57,213,51,211,48,206,46,171,45,167,46,164,48,164,52
127,51,127,56,128,58,131,60,164,60,168,59,167,48,163,47,134,47,131,47
214,72,215,80,218,84,222,85,316,84,320,81,322,78,321,69,319,67,310,65,295,65,289,64,261,64,251,65,237,65,232,64,222,64,218,65,215,69
392,70,390,67,387,65,326,66,323,67,319,71,319,78,324,82,327,83,384,83,390,81,392,78
395,67,393,70,393,78,397,82,414,83,417,82,421,79,422,72,419,67,410,65,398,65
64,83,64,89,67,95,72,98,131,98,141,98,145,96,147,95,151,94,151,77,141,75,139,74,76,74,72,75,66,79
143,77,143,86,145,87,145,88,143,88,143,94,155,99,167,99,171,98,176,100,184,100,188,101,201,101,207,98,210,93,210,82,207,77,202,75,154,75,149,77
294,90,294,98,299,102,303,103,317,104,323,103,393,103,401,102,404,98,404,90,402,86,397,84,341,84,336,83,304,83,299,85,295,88
235,90,235,99,238,102,244,104,263,104,270,105,292,104,296,102,300,97,300,91,298,90,296,88,291,86,274,86,263,85,243,85,238,86
90,110,90,121,92,123,98,126,110,128,122,128,126,126,128,125,149,125,173,124,181,121,185,117,184,109,180,105,177,105,130,105,126,103,124,103,119,102,102,102,97,102,92,107
177,297,173,301,173,308,175,310,179,312,193,312,199,311,201,309,202,301,200,298,192,296,184,296
