526,193,526,202,530,205,552,205,560,202,560,193,559,192,559,189,555,187,533,187,530,189
485,196,485,207,491,209,518,209,527,207,530,204,530,194,525,191,491,190,488,192
447,198,448,214,450,215,470,214,471,212,482,212,490,210,491,207,491,197,490,195,481,193,455,194
410,200,411,215,416,218,444,217,455,215,453,199,450,198,425,197,417,198,413,200
417,200,377,200,371,205,372,217,375,217,377,220,413,219,416,215,418,215
340,205,340,216,348,224,349,231,351,233,388,233,394,229,394,217,390,215,390,213,379,213,377,204,371,200,350,200,342,203
517,210,517,225,560,224,560,208,552,205,523,205
380,210,380,237,386,240,419,240,420,260,421,266,424,269,425,274,435,280,447,282,448,285,452,288,455,288,460,293,467,294,472,297,484,298,490,300,556,300,562,299,584,299,587,297,588,290,597,290,597,284,601,283,602,278,607,278,608,276,609,245,607,237,605,234,605,224,601,220,597,219,596,217,590,216,582,212,572,212,569,211,568,210,542,210,541,211,535,211,532,210,531,203,521,200,510,199,440,200,431,201,429,203,414,203,407,205,383,205,383,206
388,218,388,229,392,230,412,231,420,230,419,215,414,213,391,213,391,215
455,208,444,208,436,210,415,211,412,215,412,230,418,230,420,231,426,231,430,233,455,231
607,247,605,239,603,235,603,225,600,221,595,220,595,219,588,218,580,214,570,214,567,213,566,211,544,211,543,213,533,214,532,212,509,212,508,215,445,219,442,223,437,223,435,225,433,225,422,235,423,265,430,275,440,280,449,280,450,284,454,286,457,286,462,291,469,292,474,295,485,296,491,299,555,299,565,295,573,295,574,288,595,288,595,282,600,281,600,276,605,276,606,275
47,329,48,340,57,343,88,343,97,340,97,329,90,325,55,325,50,326
