0,23,0,163,31,164,37,166,61,169,63,170,71,170,76,172,91,172,95,174,112,176,149,176,157,173,162,168,165,160,165,133,167,129,177,122,179,118,180,77,178,67,174,61,162,53,148,53,147,49,143,48,142,46,130,41,119,40,87,41,83,37,74,37,70,36,69,32,50,29,40,29,36,27,21,25,17,23
168,199,167,211,169,214,172,216,191,216,199,213,201,210,201,201,200,198,197,196,176,195,172,196
130,205,130,216,134,219,155,220,163,216,165,214,164,204,157,201,135,201
144,232,143,245,145,248,150,250,165,250,170,247,171,236,170,232,167,230,147,230
135,301,135,309,140,313,150,313,158,309,158,300,155,299,139,298
152,300,152,309,158,313,179,313,184,309,184,302,180,299,157,298
135,313,135,322,140,326,175,326,181,325,184,323,184,313,180,311,140,311,136,312
143,326,143,334,145,336,167,336,178,334,178,326,175,324,148,324
142,336,142,343,144,345,164,345,171,344,175,341,175,334,169,331,154,331,144,334
142,342,142,350,145,352,171,354,180,352,182,350,182,343,175,340,144,340
430,347,430,356,435,360,474,361,479,359,480,356,480,348,478,344,475,342,435,343
