530,0,530,19,530,35,528,37,527,74,529,89,528,120,530,125,534,130,541,131,558,131,562,128,567,118,567,92,570,51,569,32,570,19,571,16,572,0
485,28,480,32,480,158,479,159,475,161,472,163,471,183,470,190,470,244,468,249,467,278,468,321,466,326,466,344,470,349,473,351,505,351,510,348,512,340,511,255,514,225,513,158,514,125,515,116,515,78,517,74,517,35,514,29,510,28
588,54,581,58,580,63,580,91,579,100,577,102,576,154,580,160,586,160,587,161,606,161,611,154,612,138,615,132,615,117,612,112,612,95,614,91,620,91,622,82,626,74,626,63,620,58,611,56,610,55
304,60,304,69,305,71,310,74,338,75,342,74,348,70,348,59,345,55,335,54,314,54,308,55
585,53,579,56,577,61,577,90,576,99,575,100,574,116,574,158,572,159,573,189,570,199,570,228,571,233,575,239,604,239,611,237,614,234,617,233,620,230,620,207,621,206,621,187,620,185,620,158,619,157,615,155,615,141,619,134,619,128,623,123,625,107,625,87,630,76,630,61,624,56,615,54,614,53
350,74,345,77,342,81,342,133,346,136,350,137,372,138,378,135,378,132,381,127,381,116,379,116,379,95,380,91,380,81,378,77,374,74
402,65,396,70,395,74,394,75,391,94,388,98,387,105,387,133,388,137,392,141,392,147,390,149,390,169,389,170,388,198,391,208,390,223,388,225,388,247,390,248,388,254,387,261,387,277,389,278,389,285,390,288,390,344,392,348,392,358,395,361,417,361,420,360,423,356,425,313,427,308,426,268,428,263,428,134,429,126,430,123,432,71,424,65
318,88,311,90,309,95,309,104,307,107,308,124,306,130,306,146,310,165,310,191,311,195,310,202,310,241,312,249,310,278,311,327,313,338,317,342,341,343,345,340,347,337,349,326,348,269,345,259,345,246,347,240,347,199,345,194,345,164,348,144,346,97,342,90,340,89
485,28,480,32,480,158,477,160,478,181,471,182,470,190,470,244,468,249,467,278,468,321,466,326,466,344,470,349,473,351,505,351,510,348,512,340,511,255,514,225,513,158,514,125,515,116,515,78,517,74,517,35,514,29,510,28
381,95,375,103,375,115,373,117,373,122,371,123,371,130,375,138,379,141,394,141,397,139,400,135,401,134,401,102,396,100,396,97,393,95
71,96,67,98,54,107,53,111,50,113,50,125,51,126,51,128,55,132,50,138,50,151,53,152,54,157,64,163,65,163,68,164,75,166,95,166,110,163,116,158,119,153,119,136,117,133,112,130,113,115,111,113,111,111,105,106,105,104,95,96
285,105,280,107,278,117,278,134,280,137,279,204,281,226,280,249,282,252,280,258,280,278,284,287,286,289,305,290,309,288,312,282,312,265,310,252,309,220,310,209,310,191,309,185,310,121,308,112,305,106
521,130,521,137,525,140,537,141,551,141,555,142,564,142,564,141,568,141,573,136,572,128,569,126,561,125,545,124,541,125,529,126,524,127
579,144,576,141,567,138,554,138,548,140,543,140,534,141,520,141,516,142,514,144,514,150,518,154,525,156,537,156,541,157,571,156,578,153
431,136,429,140,427,179,425,188,425,241,423,244,424,269,419,297,419,311,422,326,422,340,425,348,427,359,432,365,454,365,457,363,458,360,462,356,462,347,465,340,466,311,469,291,469,277,467,277,465,274,465,230,466,219,466,192,465,185,465,160,463,158,464,141,463,138,460,136
580,153,580,154,575,162,576,192,574,201,575,230,579,236,600,236,607,234,610,231,613,230,615,227,615,198,610,197,610,194,615,194,615,191,615,182,610,182,610,179,615,178,615,161,615,159,609,157,605,154,595,154,595,153
536,154,533,155,529,159,525,178,524,218,526,230,525,232,525,245,521,252,521,260,520,265,520,283,521,291,522,311,520,315,520,335,522,339,528,345,531,346,552,346,556,345,560,341,564,333,563,298,565,288,565,255,562,232,565,227,565,221,566,217,566,162,562,156,558,154
378,168,375,170,374,175,375,214,376,231,375,242,378,250,381,253,395,254,397,252,399,247,402,244,402,227,400,224,402,199,402,174,397,169,393,168
355,225,350,227,349,229,349,343,354,348,366,348,372,346,375,342,373,295,374,282,372,256,374,244,374,230,372,226,369,225
380,253,376,260,376,309,374,315,374,327,377,334,395,334,398,330,398,283,399,275,400,274,401,257,398,256,398,255,395,253
290,287,290,288,288,289,285,292,285,295,286,354,290,358,301,358,305,356,308,351,309,294,307,291,303,289,302,287
