420,51,420,58,418,59,417,62,417,83,496,83,496,72,495,69,491,68,490,62,485,58,484,58,481,57,478,53,462,51
420,52,420,59,419,59,418,63,418,74,475,74,479,73,490,73,490,72,490,63,485,59,483,59,480,57,478,54,475,53,461,51
409,51,408,61,411,68,411,74,416,74,416,75,414,76,414,80,410,80,410,90,411,91,417,91,423,93,446,92,458,93,491,93,501,91,502,79,497,76,497,72,495,69,492,67,491,62,486,58,485,58,482,56,479,52,463,50,428,50,425,49,412,49
419,51,419,58,417,58,416,62,416,91,423,93,446,92,458,93,491,93,501,91,502,79,497,76,497,72,495,69,492,67,491,62,486,58,485,58,482,56,479,52,463,50
418,70,418,82,495,82,495,73,493,70,490,68,470,68,465,69,420,68
418,77,418,85,420,86,420,90,425,91,448,90,460,92,489,92,492,90,496,90,500,88,500,80,495,77
46,98,47,107,50,109,55,109,57,110,75,109,81,107,84,104,84,96,78,93,58,92,52,94
295,102,295,113,305,118,322,118,323,117,344,116,347,110,347,102,341,97,337,96,302,97,296,100
360,117,355,113,346,112,321,112,320,113,305,113,303,117,303,127,305,129,310,132,352,131,357,129,360,127
377,171,374,168,369,167,354,168,344,171,335,172,329,172,320,170,300,169,285,169,280,173,280,182,280,185,284,188,303,192,310,193,346,194,351,193,365,189,375,184,377,181
