470,187,471,196,475,198,478,199,490,199,510,201,527,201,533,199,535,197,535,189,535,187,529,185,518,185,493,183,479,183,475,184
543,185,537,187,533,191,534,199,535,201,544,205,558,205,565,201,566,199,567,192,565,189,561,186,558,185
412,194,408,190,400,188,370,188,357,190,351,192,335,192,323,193,318,194,315,197,314,208,320,211,335,211,355,211,360,210,367,207,403,207,408,206,410,204,412,201
278,205,278,212,281,214,305,215,314,213,314,206,313,205,308,204,301,203,283,203,280,204
162,215,159,213,152,211,138,211,134,212,117,213,109,215,105,218,104,224,104,231,105,233,112,236,135,236,142,234,155,234,159,231,162,226
63,228,61,230,61,240,65,243,69,244,85,244,90,244,97,242,100,238,100,230,96,228,92,227,71,226
505,280,505,287,513,289,535,289,541,287,544,285,544,279,537,276,528,275,515,275,506,278
70,293,70,300,75,303,101,303,105,302,106,301,106,294,102,292,75,291
224,295,224,300,225,302,230,304,245,304,255,303,257,302,257,295,252,293,234,292,229,293,225,294
502,309,502,314,504,316,507,317,532,317,537,316,538,315,538,308,533,306,509,306,504,307
