206,26,206,36,209,41,211,42,226,42,229,44,239,45,249,45,253,46,267,47,269,46,280,46,281,44,283,41,283,30,282,26,280,24,276,22,250,23,210,22,208,23
215,42,215,52,218,55,222,57,223,58,235,57,268,59,270,57,271,55,271,45,269,42,266,40,229,37,220,38,217,39
281,55,279,59,275,72,275,91,274,101,274,116,275,121,279,125,299,125,302,123,311,123,314,122,315,121,318,108,319,87,320,84,320,71,318,64,316,62,306,62,305,59,299,59,295,55
316,65,308,64,305,65,303,67,301,67,301,91,299,91,299,121,310,121,313,119,316,106,318,85,319,82,319,73,318,68
329,63,321,63,319,65,319,67,316,87,316,95,316,98,315,100,314,106,315,117,316,121,318,124,325,124,327,121,327,119,328,116,329,104,330,95,330,86,331,83,331,67,330,64
185,132,186,145,188,152,192,156,209,158,221,157,222,158,224,158,226,160,247,160,252,158,254,156,255,152,258,149,258,137,255,134,254,124,251,122,246,122,241,119,236,117,223,116,204,116,202,117,200,119,191,119,190,121,190,128
260,123,260,131,261,134,264,135,293,135,297,136,313,137,316,135,316,125,314,123,297,122,293,120,271,119,263,120,261,121
0,140,0,153,2,153,4,154,18,154,21,154,22,152,22,145,20,142,9,140
251,155,251,168,252,170,255,171,284,171,286,173,297,173,299,175,318,175,321,174,324,172,325,169,325,160,324,157,321,153,318,152,286,152,282,151,256,150,253,152
180,157,180,169,183,175,188,177,207,177,210,175,214,177,217,177,217,179,233,179,234,178,237,177,252,177,255,175,256,174,256,162,247,161,243,159,236,159,233,157,226,156,225,154,208,155,203,153,189,152,183,154
179,156,179,169,183,175,188,177,193,177,194,190,198,194,231,195,236,194,239,192,239,177,252,177,256,176,257,175,256,162,247,160,243,158,236,158,233,156,227,155,225,154,208,154,203,152,188,152,182,153
258,174,258,184,259,186,259,199,260,202,264,202,272,204,291,205,302,207,309,207,313,205,315,203,315,191,319,188,319,177,317,175,310,175,299,172,287,173,284,171,262,171
229,210,231,213,236,214,237,216,265,216,269,217,278,217,280,219,286,220,309,219,312,216,312,208,313,207,315,206,316,203,316,192,319,190,319,175,318,173,311,173,300,171,288,171,285,170,261,170,258,173,258,193,234,193,230,195,229,196
198,198,198,207,200,210,203,213,203,216,211,216,212,212,214,212,215,210,227,210,231,208,233,207,233,199,231,197,228,195,202,194,200,195
231,199,231,208,233,210,237,212,239,214,250,214,255,212,263,213,268,211,268,198,266,195,236,195
264,199,264,212,268,214,280,215,282,217,294,218,308,217,310,214,310,204,308,200,307,199,277,197,268,197,265,199
238,211,238,222,239,225,258,226,266,225,269,223,269,213,265,210,256,210,254,208,239,208
266,214,266,224,270,226,279,226,282,224,282,214,281,213,268,212
279,214,279,224,282,227,295,227,298,227,300,224,300,217,298,214,291,212,282,212
177,223,177,236,182,242,186,242,188,244,198,246,201,247,226,246,230,242,231,239,231,222,223,218,214,217,214,216,200,216,198,214,183,215,180,218
227,224,228,234,231,237,255,237,259,235,259,224,258,223,258,221,238,220,237,221,231,221,228,222
256,225,256,235,259,238,276,239,280,237,281,227,277,224,259,223
277,226,277,237,284,242,300,242,307,240,308,238,308,228,307,226,304,225,280,225
271,238,269,235,264,233,239,232,230,233,229,235,229,245,222,243,181,242,178,244,177,246,177,261,178,264,180,265,184,265,185,272,190,274,207,274,208,273,211,273,213,270,213,266,218,265,225,265,226,267,231,268,233,269,241,269,246,268,267,268,268,266,268,255,266,252,263,251,271,250
314,248,313,246,306,246,305,237,300,234,281,233,278,235,269,235,266,237,265,246,264,248,264,263,230,263,227,264,225,268,225,280,227,285,230,286,263,287,266,289,285,291,286,292,290,292,292,294,303,294,309,287,309,274,314,270
234,246,234,255,248,258,259,258,261,255,261,248,260,246,260,244,235,243
178,248,178,260,179,263,181,264,203,265,205,266,212,266,217,264,225,264,227,266,232,267,234,268,240,268,246,267,262,268,267,267,268,265,268,256,265,253,263,253,260,252,246,251,237,249,232,249,226,245,181,244,179,245
272,238,269,235,264,233,239,232,230,233,229,235,229,244,223,243,181,242,178,244,177,246,177,261,178,264,175,264,172,266,172,279,175,282,179,283,192,283,193,284,208,283,208,279,209,279,210,274,213,271,213,268,218,266,225,266,226,268,231,268,233,270,241,270,247,268,268,268,269,266,269,255,266,252,272,250
308,272,306,268,306,266,296,264,295,263,278,263,273,264,262,263,233,263,228,265,226,270,226,279,228,283,231,285,264,285,267,287,286,289,286,291,291,291,293,292,302,292,308,285
174,268,174,277,176,279,193,280,195,281,206,281,206,277,208,276,208,274,208,268,204,266,192,266,191,264,186,264,181,266,176,266
187,287,187,296,188,298,188,301,192,304,209,304,220,305,236,305,238,303,237,285,235,283,233,283,231,281,216,281,212,279,198,279,190,281,189,287
174,291,174,298,176,301,192,300,193,289,177,288
187,287,187,296,188,298,188,301,192,304,209,304,220,305,236,305,238,303,237,285,235,283,233,283,231,281,216,281,212,279,198,279,193,281,193,284,192,285,191,285,191,287
187,287,187,296,188,298,188,301,192,304,209,304,220,305,236,305,238,303,237,285,235,283,233,283,231,281,216,281,212,279,198,279,193,281,193,287
102,305,102,318,104,320,109,322,124,327,136,327,138,326,140,321,140,313,137,309,136,307,113,301,104,302
