379,31,375,33,374,39,375,78,376,83,378,86,389,86,394,83,393,64,395,57,394,41,392,34,389,31
42,76,42,89,46,92,50,93,69,93,77,91,82,88,84,86,84,77,80,74,75,72,48,71,47,73
1,120,1,127,3,129,8,130,14,130,18,131,41,131,48,128,49,127,49,125,50,125,50,120,48,118,40,116,18,116,15,117,5,118
418,200,410,193,405,191,391,191,381,193,371,193,368,195,366,198,366,206,365,208,365,216,368,218,374,218,394,218,399,217,400,212,414,212,418,207
268,200,268,208,270,211,277,214,289,215,316,215,320,213,326,212,330,209,332,204,331,196,324,192,317,191,294,191,281,192,278,193,274,194
83,196,80,194,73,193,21,194,16,197,16,215,20,217,43,218,52,216,54,214,54,211,60,209,62,209,65,211,73,211,77,210,83,206
434,198,434,210,438,213,444,214,486,213,492,211,496,209,496,207,496,200,495,197,493,196,485,193,477,193,473,192,448,192,445,193,439,194,436,195
167,199,165,197,160,196,135,196,129,197,122,197,106,201,103,201,103,211,107,211,109,212,117,214,130,215,149,214,154,213,157,211,166,208,167,207
167,199,165,197,160,196,135,196,129,197,122,197,108,200,100,200,100,202,94,202,94,204,91,205,91,210,95,211,107,211,109,212,117,214,130,215,149,214,154,213,157,211,166,208,167,207
379,193,379,199,377,200,377,206,379,206,379,208,386,208,387,209,391,210,393,212,413,211,417,207,417,200,408,192,404,191,391,191,389,192
191,204,192,211,194,213,202,215,234,217,237,216,242,213,241,206,238,203,231,202,225,201,212,201,206,202,194,202
167,199,165,197,160,196,135,196,129,197,122,197,108,200,100,200,100,211,107,211,109,212,117,214,130,215,149,214,154,213,157,211,166,208,167,207
