324,33,323,32,322,30,321,29,310,29,284,42,271,47,264,52,261,56,257,57,249,61,243,61,239,65,238,65,235,68,234,70,234,82,235,83,245,83,255,81,266,76,268,71,272,70,290,62,300,60,306,56,311,56,312,54,319,51,324,46
190,145,186,141,176,141,169,143,160,144,156,145,153,149,148,152,137,163,137,171,139,172,139,180,144,180,146,178,146,178,147,176,155,175,161,171,171,170,173,169,175,169,178,167,185,166,189,161,190,158
81,152,79,149,78,148,70,148,64,150,58,154,53,156,44,158,39,161,38,162,36,164,28,166,28,167,25,167,20,171,19,173,19,174,17,175,17,182,18,186,20,188,30,188,35,187,39,184,54,180,57,177,63,175,70,171,72,170,75,167,78,167,80,164,81,160
331,160,319,160,316,162,314,162,303,166,300,168,296,168,290,173,287,177,284,177,274,182,271,182,269,183,260,186,255,188,249,193,248,195,238,199,232,199,227,203,223,203,221,205,213,207,211,209,210,212,210,225,213,229,214,231,223,231,234,227,235,226,239,226,246,221,255,216,258,213,263,212,264,210,267,210,271,207,275,207,293,199,296,193,300,193,310,188,311,187,321,184,329,183,331,182
191,188,189,185,187,183,178,183,170,186,167,188,162,188,159,190,156,190,141,196,139,199,137,199,134,203,130,205,129,206,127,206,123,209,122,212,122,222,122,224,124,225,124,230,130,230,130,227,137,226,146,222,160,219,166,216,175,212,177,210,181,210,184,208,187,208,190,204,191,201
294,177,287,177,275,182,267,184,255,189,249,194,248,195,239,199,233,200,228,203,224,204,221,206,213,207,211,210,210,212,211,225,213,229,215,230,226,229,233,227,234,225,239,225,239,224,241,224,245,220,255,216,258,212,263,211,264,210,267,209,271,207,275,207,287,201,290,199,293,198,294,196,295,193,295,184,294,180
192,186,191,183,188,181,177,181,169,184,166,186,160,186,157,188,155,188,140,194,137,197,136,197,133,201,129,203,128,204,125,204,123,206,121,209,119,212,106,214,105,215,93,214,91,215,81,227,73,227,69,229,64,229,60,231,51,232,48,233,46,238,43,239,42,241,42,263,43,265,46,268,61,268,70,264,74,264,75,263,87,261,98,249,101,248,111,243,118,243,124,240,127,239,130,236,131,231,132,230,139,229,148,224,162,222,167,218,177,215,179,213,182,213,186,210,188,210,191,207,192,204
299,223,297,220,294,218,284,218,274,223,265,225,258,226,249,233,246,233,239,237,236,237,234,240,230,240,229,240,227,246,226,249,224,249,220,251,214,252,210,254,197,254,193,257,193,272,196,278,198,279,215,278,223,275,229,274,232,272,235,272,236,268,238,266,245,264,249,264,254,261,258,261,264,258,270,257,274,255,276,255,280,253,285,249,294,248,298,244,299,240
111,274,110,270,106,268,98,268,87,271,86,272,82,273,79,275,73,281,70,281,66,284,57,286,54,289,51,289,45,292,42,296,37,299,33,300,31,302,29,302,25,304,21,304,7,306,5,307,2,312,2,327,4,331,22,332,24,330,32,329,34,328,41,325,48,320,51,315,53,313,61,311,70,305,85,302,95,295,100,294,108,291,111,287
327,349,325,344,321,341,307,341,299,345,293,346,290,348,279,352,276,355,274,355,269,358,265,359,263,361,261,361,257,364,253,369,251,369,250,370,248,371,243,374,239,375,233,375,228,378,221,378,217,383,217,399,218,402,220,404,232,404,247,399,257,397,262,394,264,392,264,389,266,388,270,388,275,384,291,380,296,378,301,378,308,373,312,374,313,375,315,376,322,376,326,367
