294,0,294,6,298,6,305,12,316,14,325,14,326,15,335,15,336,14,343,13,352,8,354,4,354,0
360,0,360,9,363,21,365,23,379,28,391,28,396,30,405,31,415,34,422,35,470,36,510,34,520,31,526,24,528,20,528,4,524,0
532,2,531,31,532,35,537,39,546,43,574,42,585,41,593,36,594,29,597,20,597,9,595,4,581,0,539,0
639,5,610,5,604,6,598,9,596,12,596,21,599,26,599,42,600,44,606,48,623,49,639,47
264,26,264,35,270,39,275,40,278,42,292,43,300,41,304,38,304,28,301,26,297,24,291,23,272,22,266,24
326,31,326,43,330,47,343,50,359,50,365,47,366,36,360,31,353,30,351,29,330,29
317,53,318,61,321,64,329,65,333,67,359,67,364,66,366,64,365,54,362,51,352,48,325,49,320,51
533,64,533,72,535,75,540,77,550,79,571,79,575,76,576,67,573,63,558,60,540,60,535,62
450,72,450,81,453,82,460,84,467,84,474,87,484,87,489,88,505,88,510,87,511,85,511,76,505,72,491,72,485,70,455,69
262,259,260,261,260,270,264,273,264,274,276,275,277,281,285,281,286,275,294,270,293,260,290,258,286,258,270,258
392,323,390,325,390,336,397,339,401,343,404,351,406,355,410,357,417,359,432,359,438,356,440,354,441,354,444,350,444,333,441,327,439,325,439,323,435,323,434,321,429,319,412,319
