157,89,157,98,160,98,163,99,198,99,201,98,205,95,205,87,204,86,197,84,167,83,163,85
101,94,101,103,108,107,135,108,156,106,163,102,165,100,165,89,161,89,152,86,127,86,121,87,113,87,105,90
208,103,192,104,191,105,181,105,175,114,175,122,177,122,180,131,206,131,213,129,215,126,215,114
185,113,172,113,170,115,160,115,149,120,115,126,105,133,104,138,104,151,106,159,108,159,113,162,117,162,122,164,162,163,164,162,168,161,171,159,174,159,175,157,178,156,179,153,186,150,190,144,191,124,190,121,187,120
109,170,109,179,110,180,114,181,162,181,170,178,170,167,165,166,147,166,141,164,117,165,112,166
221,165,217,170,217,181,220,184,228,187,235,188,245,188,260,187,264,184,265,181,265,174,264,172,262,172,257,169,255,166,246,164,227,164
143,199,143,210,146,214,155,215,167,215,172,218,175,219,187,219,192,220,198,224,205,226,220,226,230,225,257,226,263,225,267,221,267,208,261,203,255,201,240,199,221,199,208,200,203,197,193,196,181,196,173,193,152,193,148,194,145,196
316,197,313,200,312,203,312,212,314,215,316,217,324,219,336,218,344,214,345,212,345,206,343,202,337,197,334,196,322,196
401,214,397,218,397,229,399,231,402,232,415,232,418,230,420,227,420,219,414,214
561,231,561,237,565,240,583,241,590,240,594,237,594,230,590,228,570,228,565,229
204,242,202,246,202,254,205,257,212,260,234,260,238,263,243,264,266,264,278,262,282,258,283,247,280,242,275,241,245,241,242,239,238,238,210,239
454,294,453,301,455,303,458,304,471,304,474,303,477,300,477,295,473,291,461,291,456,292
