167,155,162,151,158,150,157,148,117,148,114,150,50,150,31,151,23,158,23,181,25,186,30,190,35,191,47,193,135,193,155,192,162,190,166,186,169,181,169,161
84,224,84,238,100,241,133,241,141,238,145,235,145,227,143,225,133,221,103,221,90,222
30,227,30,236,35,240,80,241,90,238,90,230,88,230,88,223,83,222,54,221,45,223,34,223
30,246,30,256,35,260,54,261,103,260,109,259,112,256,112,246,110,243,103,241,36,241,34,242
29,265,29,273,35,278,42,279,79,278,82,277,96,278,125,277,131,274,131,262,130,260,126,259,82,259,69,258,36,258,30,261
27,283,27,295,29,297,35,300,88,300,101,299,198,300,204,298,207,295,206,280,203,278,199,276,188,275,145,276,128,275,104,275,78,277,38,277,32,278
30,303,30,313,31,315,36,316,67,316,79,316,85,314,85,301,80,298,53,298,36,299,32,300
78,301,78,314,80,314,83,316,133,316,137,315,140,312,140,302,137,299,135,298,87,298,82,299
124,322,123,320,119,318,104,315,82,315,64,316,40,316,35,318,31,320,30,332,31,335,37,338,114,338,119,337,123,334
29,341,29,353,32,356,38,357,70,356,85,358,115,358,126,356,129,355,130,353,130,341,127,338,120,336,93,336,73,338,65,336,37,337,32,338
539,429,535,437,535,446,537,450,546,456,565,458,585,458,590,456,595,453,598,450,599,434,597,430,591,426,583,425,546,425
