594,67,590,72,590,78,593,82,593,96,597,98,616,98,620,96,630,96,635,95,637,92,637,86,635,83,635,80,637,78,636,68,629,66,600,65
590,88,586,85,583,84,564,85,553,88,540,90,534,95,526,95,516,98,496,101,490,104,490,114,493,116,495,116,510,116,523,114,534,111,541,111,549,108,563,108,569,106,585,106,589,104,590,102
545,93,536,93,535,95,527,95,517,98,497,101,491,105,492,114,496,116,509,116,522,114,533,110,540,110,548,108,548,98,545,96
629,112,625,115,625,121,627,123,627,130,629,135,629,146,632,150,639,151,639,112
596,123,597,132,616,132,620,132,625,130,625,123,621,121,602,121
563,129,563,135,566,136,582,137,591,135,599,135,601,135,604,133,603,124,570,124,565,126
611,133,609,131,595,131,575,133,572,135,572,143,579,145,607,144,607,143,610,142,612,140
431,143,431,157,436,165,441,168,449,171,460,171,463,173,464,177,467,179,472,180,504,180,507,179,517,179,525,178,532,176,560,174,571,172,575,169,575,163,580,160,581,157,581,143,579,135,570,130,561,128,485,127,465,129,443,133,435,138,434,141
624,121,619,120,601,120,595,123,570,123,565,126,562,129,562,135,565,137,571,138,571,143,575,145,575,150,577,152,581,152,583,153,588,153,604,153,609,150,609,143,611,142,613,140,612,133,621,132,625,130,625,123
333,171,332,182,335,185,339,187,377,187,380,186,385,184,385,172,377,169,369,168,341,168
233,206,232,215,235,217,238,218,262,218,267,217,270,214,270,207,265,204,243,203,235,204
375,272,375,277,378,279,393,279,399,277,399,270,396,269,382,268,378,269
