305,6,306,24,309,24,316,27,324,28,416,27,425,24,428,23,431,17,431,7,429,3,425,1,420,0,327,0,314,2
165,7,165,27,181,32,272,33,277,32,306,32,310,31,315,26,318,24,317,6,311,2,303,1,178,1,174,2
57,9,57,24,62,29,69,33,151,33,166,31,175,27,177,27,177,7,166,3,153,3,147,1,113,1,111,2,95,1,92,2,91,3,81,3,80,2,65,2,65,3
474,39,474,48,475,51,480,53,487,55,515,54,543,56,560,53,563,51,565,48,564,37,559,34,550,33,486,32,480,33,475,37
445,40,441,34,435,31,427,28,417,28,369,28,357,29,350,31,345,29,300,29,280,29,273,31,193,31,166,32,159,33,140,35,130,40,126,44,126,69,130,74,135,78,136,78,141,80,149,81,152,82,255,82,292,80,341,80,350,80,359,77,417,77,423,77,435,73,442,68,444,66
130,46,129,43,116,37,110,36,85,36,75,37,72,38,46,38,42,37,11,37,4,39,0,42,0,64,7,67,15,68,78,68,118,67,128,61,130,57
581,59,580,56,572,52,530,52,526,53,472,53,461,56,458,58,457,72,463,77,465,77,569,77,575,75,580,71
456,79,453,74,447,70,440,68,422,67,389,67,385,68,381,68,376,71,350,69,322,69,285,71,283,72,277,72,270,75,267,75,267,87,270,88,270,90,273,92,274,103,288,108,312,109,363,109,375,108,380,105,385,107,436,106,450,102,455,98,456,94
0,76,0,115,6,117,12,120,20,122,22,124,55,124,70,124,75,122,109,121,111,119,116,118,130,118,132,115,137,112,137,97,134,97,134,86,131,85,131,78,124,77,121,73,119,73,118,71,115,69,105,68,97,68,91,66,78,64,28,65,20,67,5,72
119,80,119,90,121,91,123,111,158,112,181,110,214,110,225,109,240,105,244,104,244,91,241,90,241,78,232,75,195,74,142,74,129,77
457,78,454,73,448,69,441,67,423,66,387,66,384,67,380,67,375,69,350,68,320,68,284,69,278,71,240,71,225,75,225,95,228,98,228,105,230,107,234,108,235,110,242,112,246,112,247,113,268,113,273,112,283,107,291,109,310,109,364,109,375,109,380,107,437,107,450,103,455,99,457,95
639,86,608,87,600,89,596,92,597,103,603,105,610,107,615,107,625,108,639,108
220,115,220,132,223,138,230,142,243,145,303,145,352,144,363,142,370,138,372,133,372,117,370,110,368,109,360,105,352,104,299,104,292,105,283,104,276,103,267,103,266,102,249,102,248,103,242,103,238,105,229,108,222,112
639,112,596,114,587,113,550,113,540,115,518,113,490,113,486,114,485,115,473,115,466,117,455,117,449,120,448,133,454,138,460,141,484,141,493,143,535,142,544,143,600,143,606,141,639,142
0,127,0,143,6,147,11,148,74,149,85,148,98,148,108,146,115,140,114,129,112,128,111,126,102,123,74,123,40,122,36,121,19,121,6,123
593,159,585,165,582,165,579,171,579,186,583,195,589,199,600,203,639,203,639,158,631,156,601,157
470,180,466,185,466,199,474,204,474,205,485,211,504,212,510,211,512,213,517,215,546,215,556,213,561,209,562,195,560,193,549,187,549,180,546,176,537,172,529,171,515,171,495,172,490,174,481,174
167,195,167,203,169,206,174,210,183,213,240,213,255,211,262,209,269,209,269,198,267,198,267,191,260,188,247,185,182,186,172,189
255,200,255,210,265,214,284,217,314,217,343,218,375,217,385,217,388,219,405,219,416,217,440,217,450,213,452,211,454,211,454,196,448,193,438,190,410,190,403,189,371,188,277,189,262,192,257,192,257,199
0,193,0,224,3,226,20,229,56,229,75,225,82,222,88,217,90,211,89,200,86,199,85,196,83,195,82,192,80,190,71,189,55,189,49,188,15,187,4,190
169,222,169,234,170,234,171,236,175,237,175,239,185,239,185,238,187,236,193,236,248,237,256,235,260,234,261,231,261,221,258,219,248,217,179,217,171,219
149,231,149,232,141,237,140,239,140,248,149,256,162,260,175,260,175,259,180,257,181,254,183,254,185,232,179,232,176,230,160,230
