384,0,384,1,383,2,384,19,382,37,384,50,387,55,391,58,406,57,408,56,409,52,413,50,413,47,414,45,414,42,416,37,416,28,418,23,418,14,420,9,420,1,419,0
417,0,417,4,416,4,416,18,420,24,423,25,438,24,441,23,443,19,444,18,447,15,447,0
157,62,157,75,158,76,158,79,160,82,163,83,169,83,178,85,194,85,199,84,210,85,246,85,259,84,275,84,277,85,302,85,305,84,308,83,320,81,324,79,326,77,326,59,325,58,323,58,323,57,313,55,271,55,268,54,245,53,229,53,224,54,176,53,168,54,161,57
399,118,398,121,394,121,393,122,388,122,387,124,383,124,374,136,373,155,372,157,372,165,371,165,369,167,369,170,369,185,367,186,365,187,365,199,367,200,369,201,380,202,382,203,417,203,423,199,423,194,427,190,429,179,429,162,432,160,432,156,434,153,435,134,433,133,433,120,432,120,417,120,417,118
399,118,398,121,394,121,393,122,388,122,387,124,383,124,374,136,373,155,372,157,372,165,371,165,369,167,369,170,369,185,367,186,365,187,365,199,367,200,369,201,380,202,382,203,417,203,423,199,423,194,427,190,429,179,429,162,432,160,432,156,434,153,435,134,433,133,433,120,432,120,425,120,424,118
37,195,33,197,33,203,24,205,18,208,17,208,16,210,16,213,14,217,14,228,14,229,20,230,19,233,19,243,26,244,27,246,33,247,33,250,35,251,35,256,39,256,41,257,50,257,55,259,63,260,82,260,89,259,91,256,91,243,100,241,104,238,106,234,106,221,104,216,106,213,106,201,104,197,100,194,94,192,47,192
147,199,145,204,145,212,141,214,137,216,134,220,134,234,135,236,137,236,139,238,144,238,147,239,158,240,159,241,162,241,163,242,193,241,225,241,228,241,229,239,231,239,233,236,233,225,231,224,231,214,229,211,225,209,222,209,217,208,217,200,213,197,210,196,158,197,152,198
37,195,33,197,33,203,24,205,18,208,17,208,16,210,16,213,14,217,14,228,14,229,20,230,19,233,19,243,35,243,36,256,38,256,41,257,50,257,55,259,63,260,82,260,89,259,91,256,91,243,100,241,104,238,106,234,106,221,104,216,106,213,106,201,104,197,100,194,94,192,47,192
194,239,186,236,163,235,163,238,160,238,159,239,151,240,141,241,136,245,136,257,138,259,147,260,163,260,167,259,173,256,174,251,175,250,187,250,194,248,195,246
246,324,244,322,240,321,216,322,210,323,197,324,192,326,191,328,191,332,243,332,246,330
