87,13,87,23,88,26,93,31,94,37,140,37,140,35,154,35,155,34,167,33,175,32,180,28,183,27,188,20,187,7,180,0,97,0,94,1,90,7
171,37,164,31,156,30,155,28,140,28,139,30,92,30,88,33,75,40,75,54,82,64,88,66,89,68,105,68,106,67,126,67,127,70,143,70,145,68,154,68,166,61,171,57,174,52,174,43
524,51,521,52,517,58,516,75,518,77,520,84,523,87,528,87,530,89,529,96,525,103,525,119,530,127,535,132,533,136,533,150,535,157,536,160,540,161,540,165,546,169,560,171,584,171,591,166,593,162,595,160,595,133,595,131,590,126,590,102,585,98,584,95,582,93,580,85,577,81,577,79,575,78,575,69,572,65,572,61,569,57,563,53,542,52,541,51
61,77,61,91,67,98,69,103,73,105,76,105,78,107,98,107,100,106,108,106,111,107,116,107,120,108,135,108,139,107,144,104,156,102,165,97,167,93,167,79,163,70,160,68,156,67,155,66,150,65,149,63,145,62,107,62,103,60,88,60,69,69
525,52,523,53,519,59,518,73,520,75,521,82,525,85,530,86,532,88,530,97,527,104,527,117,530,125,540,132,540,134,554,134,554,132,555,131,583,131,587,127,588,107,586,102,582,100,581,96,580,95,578,86,575,82,575,80,572,79,572,70,570,66,569,60,560,54,540,53,539,52
549,125,547,127,541,127,539,135,536,138,536,148,538,155,540,157,543,159,544,163,550,166,563,169,580,169,588,164,590,160,592,157,591,133,582,124
274,207,274,216,275,217,300,217,305,219,315,219,315,217,330,217,332,216,341,215,349,210,349,203,345,199,342,198,333,197,332,188,321,186,317,182,310,182,310,181,299,181,294,184,285,186,285,199,292,202,290,203,281,203,277,204
123,200,119,197,111,195,88,196,81,199,65,199,60,202,60,210,62,212,65,213,90,213,94,214,117,214,123,209
119,216,113,212,109,212,105,211,93,211,90,212,84,214,70,214,65,215,63,216,63,225,65,226,68,227,76,229,88,229,92,227,114,226,119,224
70,230,70,239,73,241,78,243,104,244,111,240,111,231,105,227,97,227,95,226,78,225,75,226
436,258,435,261,433,263,433,274,440,279,468,279,473,277,479,274,480,270,480,265,476,259,468,255,450,255,441,256
64,314,64,323,71,329,95,330,102,328,105,325,106,315,104,311,101,310,90,308,74,308,68,310
472,344,460,340,428,339,414,346,413,348,410,348,410,349,404,353,401,358,391,367,390,374,390,390,392,393,401,399,407,400,425,400,433,399,435,398,449,398,458,395,466,389,471,384,474,383,475,375,475,347
