490,182,490,193,492,196,497,200,509,202,529,201,541,202,566,202,571,201,579,201,585,200,594,194,595,190,595,181,592,176,587,175,580,174,533,174,527,172,503,172,495,176
121,214,121,221,124,224,133,226,147,226,154,225,158,222,157,212,151,210,130,209,125,211
5,216,5,224,6,226,6,228,12,234,19,235,36,235,43,234,49,234,50,235,64,235,75,232,77,229,77,222,75,219,72,217,66,216,60,216,60,213,48,213,47,212,30,212,25,214,9,214
402,217,400,221,400,231,405,236,408,237,430,237,435,236,441,233,443,231,442,220,438,216,432,213,412,213
287,238,284,240,283,242,283,254,290,272,290,278,292,282,293,287,297,290,297,291,306,291,307,290,310,290,311,288,311,275,308,268,307,260,305,255,304,244,301,240,297,238
402,251,397,252,393,255,388,261,389,276,392,283,394,285,396,285,396,288,400,293,404,295,432,295,435,294,437,293,438,285,445,277,445,265,443,262,443,259,438,254,432,251,425,250
587,276,585,274,580,272,559,272,545,275,531,275,525,279,525,286,526,289,533,290,546,290,569,288,578,288,583,287,586,285
401,309,397,315,397,323,402,330,405,331,408,331,410,332,428,332,435,329,438,326,438,315,430,309,421,305,409,305
117,316,114,318,112,320,112,336,115,347,116,368,119,374,124,379,126,380,140,380,144,379,146,374,146,358,144,352,143,342,140,337,140,330,137,326,137,323,135,319,132,317
547,370,548,378,555,380,588,381,590,380,595,376,595,369,591,365,588,365,560,364,550,367
