250,67,250,66,250,63,240,63,237,65,235,67,229,67,225,69,221,73,209,75,207,77,207,85,208,86,218,87,221,87,226,83,237,82,244,78,248,74,250,73
197,91,195,88,194,87,185,87,174,93,168,93,163,95,161,98,150,99,147,102,147,112,150,115,161,115,166,113,168,110,180,108,183,107,185,104,187,102,195,100,197,98
192,111,191,110,191,108,175,110,171,113,170,121,176,124,183,124,189,122,192,119
125,119,125,118,125,116,109,117,105,121,105,127,107,130,111,131,120,130,123,128,125,125
66,145,51,145,47,148,48,156,52,158,62,158,65,156,66,152
53,165,53,174,68,174,71,173,73,171,73,160,60,160,56,162
37,170,37,178,38,180,40,181,51,181,54,180,56,176,55,167,54,167,41,167,38,168
238,194,236,192,233,190,227,190,203,199,199,202,198,205,198,216,199,218,213,220,216,219,216,217,224,216,225,213,231,213,231,212,234,211,234,208,236,208,236,207,238,205
17,197,2,198,0,199,0,213,3,215,13,214,16,212,18,212,19,209,19,203,17,202
179,217,176,215,166,215,157,220,153,221,149,223,144,224,142,225,140,230,140,239,141,242,153,243,154,240,160,240,160,239,162,238,162,237,164,237,166,235,176,231,179,227
121,246,120,244,117,244,108,244,100,249,93,250,85,253,83,255,81,259,81,270,88,271,89,272,94,272,94,270,96,268,99,268,106,263,109,263,111,261,117,259,121,255
58,272,57,270,54,268,45,268,18,281,16,285,16,292,18,295,26,295,39,289,43,289,45,287,50,287,51,285,55,284,58,281
184,462,184,469,186,470,186,475,187,475,196,476,201,475,204,473,207,468,207,460,206,459,206,458,193,458,187,460,187,462
