210,481,210,488,217,491,250,492,255,490,255,482,250,480
255,482,255,490,258,491,286,491,289,490,289,483,285,481,258,480
293,482,293,489,295,491,306,491,310,490,310,482,308,481,295,480
405,483,405,490,412,492,440,492,445,490,445,482,440,480,411,480
308,482,308,490,310,491,350,492,354,491,354,482,350,481,311,481
355,483,355,490,357,492,390,491,393,490,393,483,389,481,358,481
392,482,392,491,394,492,405,492,409,490,409,483,407,482,395,481
355,493,355,500,358,502,397,501,400,500,400,492,397,491,356,491
201,493,201,499,205,502,237,502,242,500,242,493,239,491,207,490,202,491
240,493,240,500,243,502,295,502,302,500,302,493,297,491,244,491
316,493,316,500,319,502,351,502,354,500,354,493,351,491,325,491,320,491
400,493,400,500,403,502,447,502,450,500,450,494,445,491,420,491,402,491
298,493,298,500,302,502,315,502,318,500,318,493,314,491,303,491,299,492
172,502,172,510,175,512,209,513,223,512,226,510,226,504,222,501,175,500
225,502,225,511,227,512,250,513,256,511,256,503,251,501,228,501
255,502,256,511,269,512,271,511,271,503,269,501,259,501
294,503,294,511,298,513,349,513,355,511,355,504,350,501,297,501
354,504,354,511,359,513,387,513,393,511,393,503,388,501,358,501,355,502
392,504,392,510,395,512,425,513,430,511,430,504,430,502,425,501,396,501,394,502
477,502,474,500,432,502,430,503,430,511,433,512,474,511,477,509
270,504,270,511,272,512,292,512,295,511,295,503,292,502,280,501,273,502
