260,13,255,21,255,28,259,31,264,33,280,33,285,29,285,21,280,17,278,14,270,14,270,16,269,16,268,13
320,61,319,68,322,72,328,75,345,75,349,74,352,71,352,61,349,59,327,58
244,70,244,76,246,78,250,79,283,79,289,77,289,70,286,68,279,66,249,66
60,83,60,92,62,93,65,95,90,95,94,92,94,85,92,83,87,81,65,81
450,101,450,107,454,111,478,111,483,111,486,108,485,101,478,98,457,98,452,100
348,127,348,136,350,138,356,140,402,140,405,139,408,137,407,128,404,126,393,124,354,125
69,135,69,150,67,151,68,173,70,176,70,179,73,181,75,189,76,190,86,190,88,191,91,191,92,194,116,194,129,192,135,190,140,191,144,194,175,194,179,193,185,190,190,190,193,187,195,187,200,185,202,182,206,182,208,180,212,180,213,179,213,175,215,175,215,167,217,165,217,149,215,147,215,142,212,141,210,136,207,133,205,130,202,126,202,125,198,121,193,120,161,120,155,121,155,122,147,123,138,120,137,119,132,119,131,118,108,118,92,122,89,126,83,128,82,130,74,132
45,127,37,125,29,125,28,124,11,124,10,126,8,126,4,128,0,130,0,192,10,192,11,183,25,182,26,181,30,181,31,180,40,180,40,176,45,176,45,172,51,172,52,170,59,170,59,168,65,159,64,139,62,138,62,136,60,136,55,131
69,135,69,150,67,151,68,173,70,176,70,179,74,182,75,192,78,196,78,199,80,201,105,201,115,194,129,192,135,190,140,191,144,194,175,194,179,193,185,190,190,190,193,187,195,187,200,185,202,182,206,182,208,180,212,180,213,179,213,175,215,175,215,167,217,165,217,149,215,147,215,142,212,141,210,136,207,133,205,130,202,126,202,125,198,121,193,120,161,120,155,121,155,122,147,123,138,120,137,119,132,119,131,118,108,118,92,122,89,126,83,128,82,130,74,132
467,155,464,157,464,162,461,164,461,171,465,174,478,174,482,170,484,158,479,155
639,147,617,148,613,150,610,153,608,154,596,154,595,152,590,152,571,152,570,153,560,154,558,156,555,156,550,160,545,168,545,195,550,204,552,206,552,213,555,215,555,216,558,217,558,222,562,223,567,227,575,227,575,230,600,230,600,226,605,225,606,226,609,226,614,230,639,229
335,198,331,200,327,206,327,218,330,220,334,222,355,221,361,217,361,207,355,203,355,201,353,199,349,197
348,296,335,296,324,300,320,303,318,311,318,320,325,332,328,334,341,334,346,330,350,325,353,323,354,304,351,299,349,298
