216,192,216,198,221,203,235,204,254,204,260,202,264,199,263,191,260,189,255,188,223,187,218,189
333,189,332,200,336,203,343,204,351,204,360,206,365,206,372,208,383,208,388,206,392,203,393,194,391,191,388,189,383,188,373,188,371,187,355,185,340,185,337,186
164,200,162,197,158,195,153,194,133,193,126,195,118,194,107,194,101,195,95,200,95,209,97,210,99,213,105,216,110,217,132,217,132,215,136,214,138,212,157,211,160,209,162,209,164,206
229,205,229,214,235,217,265,217,268,216,270,213,270,203,266,200,264,199,235,199
331,205,330,214,335,218,359,218,365,220,387,220,391,217,391,208,382,203,365,203,354,201,341,201,335,202
216,198,205,197,195,197,190,201,182,204,177,210,177,218,180,223,183,225,185,225,187,226,199,226,210,223,215,219,218,213,218,201
124,211,124,217,125,220,132,224,167,225,172,224,176,219,176,211,174,208,170,207,161,207,157,206,129,207,126,210
219,230,217,233,217,239,220,242,231,244,250,244,253,243,255,241,255,233,252,230,234,229
347,317,347,323,351,326,361,327,384,327,388,324,388,317,384,315,357,315,351,315
585,331,585,337,589,340,609,340,613,339,615,338,615,331,612,329,605,328,594,328,587,329
347,344,346,351,351,354,378,355,381,354,384,351,384,345,376,342,354,341,349,342
