0,68,0,76,1,79,9,83,33,84,40,85,66,85,70,84,74,80,74,71,70,68,65,66,46,64,34,64,25,62,7,62,1,66
99,76,100,88,120,91,139,91,144,93,156,93,165,91,165,80,160,77,145,76,137,75,116,74,110,76
101,76,101,80,100,81,100,88,120,91,139,91,144,93,156,93,165,91,165,80,160,77,145,76,137,75,116,74,110,76
158,80,158,92,165,98,190,100,213,100,230,101,239,101,249,97,249,90,247,86,241,83,228,83,223,81,210,80,185,78,165,78
241,90,241,97,245,103,251,105,271,105,294,108,304,108,309,109,326,109,334,105,334,97,329,93,312,91,303,89,284,88,273,86,251,86,247,87,244,90
329,98,330,110,334,113,337,114,381,115,396,118,414,118,420,115,421,114,421,106,416,101,412,100,401,100,392,98,384,98,380,96,364,96,359,95,335,95
415,106,415,118,417,121,421,125,469,125,479,125,485,127,502,127,505,126,508,123,508,113,506,111,504,110,489,109,477,106,436,102,422,103,415,105
554,115,554,125,556,127,560,128,592,128,606,130,626,130,629,128,639,128,639,110,565,111,555,113
200,144,200,155,203,158,213,160,215,161,231,161,234,160,240,158,243,155,243,144,240,141,236,140,227,140,223,139,208,139,204,140
245,207,244,213,245,224,245,226,254,231,267,231,273,233,284,233,294,236,323,235,327,233,327,214,325,210,319,205,300,202,284,201,254,201,250,203
