288,14,288,35,291,41,295,44,315,46,326,46,340,44,379,44,384,45,406,45,410,43,420,43,426,37,426,1,423,0,295,0,290,5
120,75,118,79,118,93,123,100,126,102,134,102,139,100,142,96,144,93,144,80,142,75,138,70,127,70,123,71
152,73,149,76,148,80,148,100,150,107,152,109,158,109,160,106,162,92,162,77,159,73
100,78,98,82,98,94,101,104,106,107,114,107,117,103,118,95,118,86,117,80,113,76,102,76
168,90,166,92,165,98,165,118,168,123,176,123,179,120,181,113,181,100,180,95,177,90
88,91,81,97,80,100,78,107,78,119,80,123,81,123,82,125,86,128,87,130,96,130,100,125,102,119,102,100,98,93,95,91
176,119,174,125,174,141,175,145,178,147,184,147,188,140,189,125,186,120,184,119
169,143,165,150,164,155,164,166,165,170,167,172,176,172,179,170,180,165,180,150,177,143
82,146,80,151,80,165,81,169,84,175,94,174,97,166,97,155,96,150,93,145,91,145,86,145
105,158,102,160,98,165,99,185,102,194,109,194,112,189,113,184,115,181,115,165,113,160,110,158
122,168,120,173,120,186,123,195,127,198,135,197,138,192,140,185,140,175,138,171,134,166,124,166
185,348,185,357,187,360,193,360,194,361,199,361,200,360,216,360,221,357,221,346,214,343,192,343,186,345
216,346,217,357,220,359,221,361,228,361,229,360,234,360,239,356,239,346,237,345,221,344
216,363,216,371,219,374,237,373,242,371,243,369,243,361,239,357,220,355
