146,107,147,120,153,123,160,123,163,125,200,125,204,126,215,126,216,125,241,123,243,125,249,125,281,125,284,123,301,123,305,121,306,119,305,106,303,104,295,102,221,102,195,104,154,102,148,105
491,107,489,104,485,102,345,104,320,103,313,107,313,120,318,125,318,126,481,126,490,122
504,127,502,122,497,119,497,101,495,98,490,96,314,97,307,101,306,113,300,115,294,119,290,120,287,128,287,150,289,154,290,162,296,167,306,171,315,171,319,173,389,172,400,170,411,170,413,172,488,172,494,171,503,160
142,130,142,153,148,160,154,163,165,165,203,165,204,167,216,167,220,165,222,160,230,152,230,125,227,123,223,123,218,120,215,117,210,115,161,115,160,117,155,117,149,120,145,124,144,129
289,130,289,149,290,152,291,160,303,168,308,170,317,170,320,171,387,170,405,168,413,169,415,170,486,170,492,170,501,158,502,155,501,125,494,119,488,116,485,113,422,113,408,111,313,113,305,116,301,116,295,120,291,121
220,126,220,138,222,139,220,140,220,152,233,164,256,165,257,166,284,166,285,164,290,164,296,157,299,150,300,149,300,145,303,143,303,130,301,130,301,127,285,120,246,119
296,162,293,159,284,159,283,157,271,158,270,156,260,156,255,159,221,159,219,157,208,157,200,159,175,157,150,160,148,163,148,176,150,179,154,180,181,180,190,181,242,181,253,180,256,179,289,180,296,177
253,162,253,170,255,177,261,179,288,179,295,176,295,164,292,160,283,160,282,159,274,159,272,160,270,158,262,158
493,165,490,159,488,159,487,157,450,158,448,160,440,160,438,158,420,158,417,160,390,160,386,164,386,174,391,179,417,178,447,180,485,180,492,175
290,164,290,176,298,179,314,179,318,177,320,175,320,165,316,162,295,161
386,163,385,160,381,158,355,158,354,160,352,159,325,159,321,165,321,174,325,178,334,179,355,177,358,179,381,179,386,175
142,460,143,475,150,481,155,483,192,483,205,485,223,485,229,483,247,483,248,481,254,480,253,454,245,450,161,450,150,452,146,454
348,456,348,475,362,483,383,482,384,484,400,485,405,486,421,486,441,483,485,483,492,479,495,475,495,456,489,451,480,450,361,450
140,458,140,475,145,481,153,485,190,485,203,486,225,486,230,485,251,484,257,485,312,486,313,485,315,486,339,486,353,484,360,477,360,455,352,450,251,450,246,449,160,449,148,450,145,452
425,480,424,475,404,471,324,471,315,472,314,474,313,472,305,471,255,471,254,473,230,472,228,474,219,475,215,480,215,501,217,506,233,506,234,517,237,520,271,521,279,520,299,520,305,519,332,522,358,522,361,520,399,520,405,518,406,511,409,509,418,507,424,503
