370,195,369,191,365,190,365,186,355,185,355,183,349,183,344,180,336,180,335,178,328,178,323,176,277,176,267,178,200,179,195,181,173,181,165,183,153,190,150,195,144,199,144,203,141,207,141,230,145,230,145,242,147,246,149,246,154,250,161,253,170,254,205,254,208,253,235,251,285,249,325,250,342,248,348,247,349,246,354,244,358,244,359,238,367,238,369,236,370,227,372,223,372,200,370,199
412,235,408,236,405,241,406,263,412,270,415,271,425,271,430,268,431,264,431,242,426,236,421,235
194,267,194,275,196,277,200,278,215,279,223,276,223,265,219,263,201,263,198,263
215,264,215,276,224,280,262,279,350,281,355,279,357,276,357,268,353,264,350,263,294,263,280,262,260,263,225,261
257,265,257,278,264,280,296,279,314,280,350,281,355,279,357,276,357,268,353,265,350,264,294,264,280,263,265,263
100,286,100,294,104,296,128,296,137,293,137,286,131,283,105,283,102,284
135,288,136,294,147,296,174,296,182,293,182,287,177,283,148,283,136,285
182,286,182,293,185,296,205,296,214,295,213,285,210,284,187,283
207,285,207,295,211,295,219,296,242,296,249,295,253,295,253,286,250,286,247,285,217,284,213,285
247,286,247,295,252,296,268,296,277,296,284,294,284,286,274,285,255,285
278,286,278,294,284,296,310,297,320,295,320,286,307,284,285,285,280,286
277,286,277,294,283,296,297,297,310,297,315,296,340,296,346,295,348,294,348,286,340,284,315,285,307,283,284,284,280,286
505,288,505,295,508,296,527,297,535,296,535,288,529,286,511,286
529,288,529,294,531,295,532,297,536,298,581,298,585,296,585,289,584,288,560,286,536,286
230,335,230,343,232,346,236,350,244,351,288,352,302,351,302,345,306,341,306,333,299,331,237,331,234,332
230,335,230,343,232,346,236,350,244,351,288,352,295,351,312,351,314,348,317,346,317,335,310,335,309,333,290,331,237,331,234,332
