253,20,253,33,254,35,259,35,260,37,273,36,275,35,288,35,294,32,294,20,291,17,287,15,280,16,273,15,263,15,254,18
165,21,165,37,170,40,184,39,195,34,195,25,194,22,192,20,173,18,167,20
253,23,250,19,248,18,216,19,213,20,208,20,207,22,207,34,210,36,218,37,248,37,253,34
165,22,161,20,151,21,146,25,142,25,141,25,141,38,157,41,164,40,165,37
31,30,31,40,35,45,41,47,77,48,83,43,84,40,84,24,79,21,56,20,54,19,42,19,37,20,35,22
0,30,0,42,1,43,26,43,29,42,31,39,31,31,28,28,3,27
63,63,63,75,72,84,84,84,87,81,91,81,95,79,102,78,138,78,143,80,156,80,159,78,161,75,161,60,159,58,157,57,116,58,112,56,103,56,99,58,94,58,88,55,85,55,83,54,73,54,66,57
45,65,43,61,38,59,8,60,6,61,4,65,4,75,7,79,16,81,23,81,29,84,43,83,45,76
344,75,344,90,349,99,349,105,352,106,430,105,437,103,438,98,441,90,440,72,437,68,430,66,359,65,349,69,345,71
319,91,316,89,305,90,279,91,275,95,275,107,278,111,283,112,303,112,305,110,314,110,319,104
85,121,86,123,103,123,114,120,115,118,121,118,125,115,125,104,124,102,117,100,93,100,86,105,85,111
185,105,185,117,190,120,207,122,219,120,224,115,223,104,222,101,218,100,198,99,194,100,189,100
393,140,393,150,397,153,424,154,427,152,428,149,428,139,423,135,397,135
299,142,300,154,303,155,332,157,337,152,337,141,334,136,318,135,304,138,300,140
256,142,256,154,263,157,292,158,295,153,295,143,294,140,289,138,260,138
79,146,78,159,79,159,80,162,83,165,98,165,101,164,104,160,104,147,99,140,88,140,83,141
171,146,171,155,172,156,174,157,196,158,200,157,203,154,202,144,197,141,174,143
368,178,368,190,374,194,399,195,408,190,409,188,408,178,407,176,401,174,379,173,371,175
78,180,79,190,81,194,84,195,105,194,109,192,111,189,111,181,110,179,108,177,82,176,79,178
112,183,112,193,116,196,153,198,157,195,157,183,154,180,115,180,113,180
223,220,223,231,230,235,255,235,264,235,267,233,269,235,285,235,287,232,289,232,291,230,291,226,291,200,287,196,273,194,234,192,232,193,230,195,229,201,229,210,225,214,225,219
321,302,318,301,317,299,315,298,312,294,304,291,302,290,289,290,284,295,282,295,279,300,275,300,273,303,272,323,267,324,268,345,269,346,269,350,273,358,273,361,274,363,276,363,277,365,280,365,280,366,282,366,283,370,292,370,293,368,305,365,314,360,315,353,317,352,322,344,322,340,326,328,326,315,324,305
121,328,121,338,123,340,131,340,131,346,135,349,195,350,198,348,199,346,199,335,197,333,185,333,184,331,184,326,180,322,161,321,152,324,150,321,144,321,143,325,138,325,137,326,123,326
201,350,197,345,193,344,177,345,118,345,116,346,114,346,113,348,113,364,115,367,123,370,195,370,199,366,201,363
115,384,115,395,117,397,177,398,181,395,181,385,180,381,177,380,119,380,116,381
51,505,51,517,56,523,96,524,100,520,100,507,94,500,63,499,57,500
52,522,52,534,55,537,95,538,99,535,101,532,101,524,96,517,56,516
52,547,52,556,56,560,82,560,86,556,85,546,81,544,58,543,54,545
187,613,187,632,189,635,193,638,412,639,427,637,432,633,432,612,431,608,428,605,416,605,413,604,390,603,384,605,359,605,347,601,307,602,304,604,297,602,257,601,243,604,218,603,209,605,195,605,190,608,188,610
