279,71,277,69,270,68,263,65,257,64,231,64,198,67,160,67,146,70,146,75,141,76,141,88,143,88,144,90,146,91,147,95,155,97,170,97,173,95,197,96,234,94,237,93,238,90,264,89,265,86,267,85,268,82,277,82,279,80
350,99,350,113,352,117,358,120,400,120,403,121,415,121,421,120,425,118,428,117,430,113,430,106,429,101,425,97,419,94,391,92,383,90,363,91,352,95
138,289,137,299,142,303,147,303,148,304,160,304,160,303,169,302,168,293,166,290,164,289,154,286,142,286
145,296,145,313,142,317,142,331,145,334,151,336,170,336,170,334,191,334,195,334,197,332,204,332,209,331,226,331,230,330,275,329,285,327,288,326,290,323,290,313,288,310,280,308,240,308,239,300,235,298,220,298,218,296,203,295,176,296,173,295,157,295,150,296
201,313,202,329,205,329,206,330,225,330,228,329,260,328,273,328,284,326,286,324,288,322,288,315,286,312,279,309,240,309,235,311,230,311,229,309,220,309,210,311,204,311,204,313
144,330,147,333,153,335,169,335,170,334,190,334,195,333,196,332,207,331,211,329,211,319,213,318,234,315,239,313,238,301,235,299,230,299,220,299,217,298,202,296,190,296,181,298,172,296,159,296,152,298,146,298,147,314,144,318
278,330,275,326,272,324,272,323,254,322,240,323,235,328,220,328,214,330,215,342,220,344,234,344,239,342,241,344,249,344,253,345,261,345,275,343,278,338
215,331,215,342,221,344,234,344,241,341,240,329,220,328
207,331,200,330,199,328,195,328,193,327,165,328,164,329,155,329,155,331,153,334,153,344,154,346,157,347,180,349,181,350,204,349,207,346
199,332,200,344,203,344,204,346,215,346,221,342,221,331,205,330,201,332
253,339,251,344,251,356,263,358,285,358,291,356,293,353,293,344,290,341,286,339,277,339,275,337,266,337,262,339
232,348,232,357,242,359,254,359,259,356,258,345,256,344,239,343
180,349,180,362,185,362,186,364,228,364,229,363,236,360,236,359,239,357,238,347,231,345,220,344,217,343,206,342,198,342,196,344,181,344,181,348
139,351,138,360,140,363,145,366,152,367,164,367,169,369,177,369,180,366,185,366,185,364,187,363,186,349,179,347,175,347,168,346,148,346,142,347
218,361,218,370,220,372,220,377,246,379,254,381,275,380,279,379,283,373,283,365,280,361,272,357,225,357,224,359,220,359
227,361,210,357,201,357,200,359,181,359,180,360,174,361,172,362,167,362,168,379,174,380,191,382,198,384,210,384,220,382,229,377
147,370,147,379,152,382,165,382,175,378,175,368,169,367,153,367
468,382,468,392,475,393,497,395,516,394,523,392,526,390,526,380,524,378,519,377,477,376,473,377
424,384,424,395,427,395,430,397,470,396,475,392,475,382,467,380,431,380,429,380
375,385,375,399,377,399,380,401,424,401,431,395,430,384,417,382,395,382,384,383
432,384,419,381,395,381,383,382,380,384,365,384,362,385,338,385,330,387,316,387,313,389,293,389,285,392,285,405,288,405,290,407,314,407,316,405,330,405,335,403,380,404,382,402,425,402,433,397
330,389,330,401,340,403,359,403,368,400,367,388,355,386,340,386
312,392,313,403,318,404,328,404,336,401,336,390,332,388,318,388
287,393,287,404,290,404,291,405,312,405,319,403,318,392,315,391,295,390
230,395,230,408,265,409,272,406,272,393,259,391,237,391
266,393,266,405,271,407,287,407,293,404,293,393,282,392,275,392
497,398,497,409,512,410,516,408,516,396,513,395,502,395
205,398,205,409,217,412,227,412,235,409,265,409,272,406,272,393,266,392,237,391,231,394,211,393,208,395
531,398,528,395,525,394,501,394,500,395,481,395,479,397,469,396,457,396,455,397,451,400,431,399,427,401,420,401,415,404,415,414,420,415,431,415,437,416,454,416,458,413,495,413,500,412,503,410,524,410,529,408,531,406
477,399,478,411,486,413,495,413,500,412,504,409,503,398,501,397,497,395,482,395
451,401,451,412,458,413,477,413,484,411,484,399,480,399,476,397,458,397,455,397
172,400,173,413,178,415,200,416,201,415,208,413,212,410,212,402,211,398,194,395,181,395,174,400
140,402,140,413,145,415,162,418,174,418,180,413,180,406,179,404,179,400,172,398,165,397,147,397,144,398
426,402,427,413,438,415,453,415,458,412,457,401,448,400,432,400
365,404,365,417,370,418,391,418,395,417,415,417,422,413,422,403,411,400,396,400,395,402,391,400,370,400,367,401
120,405,120,414,124,416,130,417,138,417,144,416,147,413,147,403,142,403,137,401,129,401,124,402
350,408,351,417,356,420,366,420,370,418,391,418,395,417,415,417,422,413,422,403,411,400,396,400,395,402,391,400,370,400,367,401,365,403,358,403,355,404
308,409,309,421,312,421,315,422,334,425,344,425,349,423,352,418,352,412,350,408,343,406,313,405
275,411,276,424,280,425,310,426,315,421,315,409,299,407,287,407,283,407,277,411
244,414,243,425,246,425,250,426,258,428,272,428,283,424,283,412,268,410,253,410,250,411
235,414,232,417,233,426,236,427,245,427,250,425,250,414
187,417,187,430,190,430,215,431,220,429,232,429,240,426,239,416,235,414,220,414,205,411,194,411
159,421,160,430,165,433,187,433,190,433,195,430,194,418,180,415,165,415
118,421,118,431,122,434,142,437,159,437,162,435,165,431,165,421,157,417,145,417,140,415,130,415,121,418
115,442,116,450,118,452,123,454,142,454,150,452,152,449,151,441,146,438,138,436,125,436,119,438
