0,9,22,10,38,8,44,5,45,0,0,0
51,0,51,4,55,8,57,9,76,11,99,11,107,12,161,12,200,14,213,12,217,9,219,7,219,0
433,13,433,38,443,44,453,46,600,46,612,43,636,43,639,42,639,0,440,0,440,7
433,13,433,38,443,44,453,46,600,46,612,43,636,43,639,42,639,0,445,0,445,6,440,7
433,13,433,38,443,44,453,46,600,46,612,43,639,43,639,0,440,0,440,7
626,18,625,17,620,17,620,1,616,1,531,2,530,3,488,3,483,4,455,4,442,9,435,15,435,34,435,37,440,41,445,43,455,45,599,45,617,39,626,39
5,22,5,34,7,35,19,37,40,37,53,35,54,22,45,19,14,18,9,19
45,22,45,35,50,37,55,38,69,38,79,36,79,24,72,21,55,19,48,22
84,23,84,37,93,41,100,41,105,42,121,41,152,42,156,42,165,38,165,24,159,21,106,18,95,19
0,20,0,37,6,37,11,34,11,22,7,20
71,23,71,36,77,38,86,38,93,41,100,41,105,42,121,41,152,42,156,42,165,38,165,24,161,21,155,20,106,18,95,19,90,21,77,21
157,24,157,37,161,37,165,39,204,39,208,38,212,34,212,27,210,23,207,22,170,22
0,414,0,425,31,425,37,423,37,416,34,414,4,413
