37,0,37,10,39,10,39,12,37,13,38,27,44,30,55,34,66,35,77,33,86,26,86,13,82,0
518,42,515,45,515,48,512,52,512,63,514,63,515,76,518,83,519,92,520,95,526,98,539,98,541,97,548,92,555,81,556,74,556,57,550,48,540,42
245,68,244,65,239,62,213,62,202,67,193,68,187,70,180,70,171,73,165,75,164,76,160,78,153,78,142,81,126,81,117,83,111,88,110,93,108,95,108,105,111,108,118,109,120,110,140,110,147,109,153,106,165,106,165,105,175,105,180,102,195,102,207,100,212,96,228,96,229,95,233,94,238,91,241,87,244,86,244,83,245,81
283,61,281,65,281,95,285,103,285,110,287,111,287,114,290,118,295,119,298,122,303,124,306,124,307,126,320,129,320,131,328,132,333,135,365,135,365,136,378,136,381,140,384,140,385,150,388,155,388,166,391,168,392,171,394,171,397,178,415,185,450,185,465,178,493,178,498,178,505,174,507,170,510,161,510,132,504,118,504,115,500,111,499,102,495,97,494,93,489,88,486,83,486,70,479,70,478,66,473,66,473,62,462,62,460,60,455,58,455,53,443,53,442,50,437,50,436,49,404,49,403,52,399,52,396,55,394,55,348,55,335,58,335,61,329,59,287,59
285,63,284,67,284,93,287,101,288,108,290,109,290,112,292,116,297,117,300,120,305,122,309,122,310,124,322,127,323,129,330,130,335,133,369,132,372,133,373,135,380,135,384,138,386,138,387,148,390,153,390,165,394,166,395,169,396,170,400,176,418,183,447,183,463,176,464,175,467,173,467,154,465,154,463,153,464,149,466,148,466,124,459,124,458,119,455,118,454,113,450,113,450,104,448,103,448,100,446,97,446,90,444,90,443,89,435,88,433,79,425,77,425,56,400,56,396,57,350,56,338,60,337,65,326,61,290,61
285,60,281,65,281,95,285,103,285,110,287,111,287,114,290,118,295,119,298,122,303,124,306,124,307,126,320,129,320,131,328,132,333,135,365,135,365,136,378,136,381,140,384,140,385,150,388,155,388,166,391,168,392,171,394,171,397,178,415,185,450,185,465,178,493,178,498,178,505,174,507,170,510,161,510,132,504,118,504,115,500,111,499,102,495,97,494,93,489,88,486,83,487,50,486,46,479,41,476,41,472,40,436,40,436,41,434,41,432,49,404,49,403,52,399,52,396,55,394,55,348,55,335,58,335,61,329,59,287,59
285,63,284,67,284,93,287,101,288,108,290,109,290,112,292,116,297,117,300,120,305,122,309,122,310,124,322,127,323,129,330,130,335,133,367,132,368,134,380,135,384,138,386,138,387,148,390,153,390,165,394,166,395,169,396,170,400,176,418,183,447,183,463,176,464,175,467,173,467,154,465,154,463,153,464,149,466,148,466,124,459,124,458,119,455,118,454,113,450,113,450,104,448,103,448,100,446,97,446,90,434,88,432,74,430,73,429,63,427,61,425,60,425,56,400,56,396,57,350,56,338,60,337,65,326,61,290,61
0,75,0,131,1,133,4,133,18,144,21,145,22,146,50,146,54,148,55,150,65,150,72,152,81,152,83,153,112,154,114,153,122,153,125,151,130,151,130,148,133,147,134,145,139,145,139,141,140,140,142,140,142,126,140,122,135,120,135,118,133,114,129,111,121,110,117,107,108,105,106,103,89,103,88,104,79,105,54,105,51,103,51,102,45,100,45,93,35,93,29,86,21,82,18,78,10,75
622,127,614,130,611,137,612,155,615,163,616,170,625,187,626,206,631,210,639,210,639,128,635,127
550,142,545,143,542,145,542,147,539,148,539,151,535,154,534,156,534,204,537,204,538,205,537,213,530,214,529,217,529,242,531,243,531,263,535,263,535,276,537,278,537,282,540,286,546,291,559,294,578,294,590,291,596,283,596,273,598,272,598,221,596,220,596,215,595,215,597,214,597,197,595,195,591,193,590,188,589,188,589,183,586,180,585,176,585,159,585,156,580,152,580,148,577,147,575,144,571,144,570,142
489,176,484,180,483,205,478,208,478,223,482,232,482,246,484,248,484,251,486,254,489,270,495,274,501,275,503,276,521,276,525,274,541,272,541,258,538,258,539,221,535,220,535,210,531,210,534,206,540,206,540,194,538,192,535,191,535,189,530,186,529,186,524,181,515,181,515,179,508,178,507,176
51,212,45,208,39,206,20,207,0,210,0,236,35,236,43,234,43,230,50,230,53,226,53,215
51,212,45,208,39,206,20,207,0,210,0,236,35,236,40,235,40,234,47,234,50,231,50,229,53,226,53,215
131,238,125,237,125,236,124,235,124,231,122,230,110,230,104,228,66,228,64,230,48,230,47,231,45,231,41,233,35,233,34,236,30,237,27,241,21,242,20,243,16,245,13,245,10,247,10,259,11,262,12,278,15,279,22,279,24,284,49,285,53,283,55,283,58,281,65,280,69,278,71,278,74,276,82,276,84,280,99,280,100,279,105,279,106,276,118,276,118,274,121,272,131,271,133,263,135,261,135,247,134,243,132,243
131,238,125,237,125,236,124,235,124,231,122,230,110,230,104,228,66,228,64,230,48,230,47,231,45,231,41,233,35,233,34,236,30,237,27,241,21,242,20,243,16,245,13,245,10,247,10,259,11,262,12,278,15,279,16,281,23,283,24,284,49,285,53,283,55,283,58,281,65,280,69,278,71,278,74,276,82,276,84,280,99,280,100,279,105,279,106,276,118,276,118,274,121,272,131,271,133,263,135,261,135,247,134,243,132,243
95,275,91,279,87,279,82,281,78,287,75,299,75,311,84,319,98,323,100,326,111,326,114,325,122,325,125,322,132,320,137,316,141,307,140,291,134,283,129,279,122,276,120,275
103,317,103,318,98,321,98,322,91,328,89,336,89,353,91,365,97,371,98,373,100,375,101,380,105,383,117,383,118,381,128,381,129,385,142,385,153,365,153,359,155,356,155,340,152,335,145,325,141,323,123,317
168,399,168,408,172,411,177,413,187,414,191,415,203,415,212,414,213,412,224,412,232,410,238,404,239,393,236,390,232,387,219,386,211,381,197,380,190,381,182,385,178,390,170,396
539,383,537,391,538,406,540,409,545,413,548,413,550,415,555,416,558,418,563,418,570,420,578,420,582,421,594,421,597,420,603,420,607,418,608,416,615,416,615,403,620,400,620,386,610,385,608,383,606,383,603,380,600,379,571,376,549,377,548,382,540,382
20,458,21,461,27,463,37,465,46,465,50,463,74,461,75,460,80,460,85,458,90,458,91,457,98,456,98,454,100,452,100,445,98,443,96,443,93,440,83,438,58,438,49,439,43,438,33,438,23,443,21,448,20,449
518,429,500,428,495,433,493,433,491,436,491,440,489,442,484,451,483,457,479,459,479,475,480,479,520,479,521,465,519,460,519,449,521,446,521,435
