92,0,92,5,95,8,99,10,134,8,166,5,170,4,180,3,180,0
492,0,493,5,497,8,501,10,519,10,530,13,544,13,550,12,552,10,551,0
586,0,586,5,590,7,592,11,592,16,595,18,601,19,602,20,608,20,611,23,612,26,615,28,624,30,639,30,639,0
0,0,0,23,22,22,30,18,50,18,62,17,66,16,71,11,70,0
400,110,400,122,409,129,447,129,490,127,531,128,544,126,548,123,550,119,550,105,547,103,539,100,471,100,464,101,461,102,410,102,405,103,401,106
373,111,371,109,363,105,333,105,323,106,300,106,297,107,245,108,238,110,230,115,230,125,239,130,247,131,365,130,370,127,373,123
239,114,232,108,224,107,212,107,194,109,152,108,144,110,95,111,86,115,85,128,90,132,97,134,140,134,199,131,226,132,233,131,237,128,239,125
106,241,106,260,111,266,120,268,142,268,147,270,175,270,181,269,205,268,210,271,220,273,275,274,300,273,303,271,308,266,308,253,306,250,300,243,290,241,228,241,218,237,213,236,158,236,155,235,150,235,116,235,111,236
377,263,377,282,382,288,389,290,465,290,467,292,475,295,499,295,510,297,527,297,533,298,601,298,608,301,639,301,639,266,624,266,617,264,615,262,610,261,585,260,518,261,514,260,485,260,480,257,471,256,385,256,379,260
0,341,0,358,4,363,9,365,30,366,32,368,46,368,50,370,59,370,65,371,81,371,85,370,89,366,88,352,75,345,33,339,11,340,5,341
99,363,99,378,102,382,111,387,130,388,147,391,179,392,184,397,189,400,211,403,235,403,244,405,261,405,268,403,271,400,272,384,269,378,264,374,260,373,252,371,200,370,195,367,191,364,185,362,162,360,150,360,149,358,129,356,105,357,100,360
429,423,429,443,434,451,443,455,465,458,516,458,519,458,524,464,535,471,547,474,639,474,639,434,625,433,610,430,593,430,586,428,547,428,545,427,537,419,535,419,531,417,495,414,465,414,443,415,435,418
