417,31,416,43,420,47,427,48,430,49,445,53,450,56,467,56,470,55,475,52,475,48,478,46,478,40,475,36,470,33,465,32,463,31,458,31,452,28,443,26,425,26,421,27
300,38,295,44,295,58,300,66,310,71,312,71,319,74,325,74,327,75,341,75,344,74,350,68,350,55,342,45,338,41,328,39,326,38
575,72,572,76,573,86,582,92,603,92,607,91,614,87,616,81,616,75,615,72,608,68,605,67,587,67,580,69
207,139,207,148,214,155,235,156,239,155,243,152,245,149,245,141,241,137,230,135,215,135
58,188,57,198,61,204,71,206,90,206,97,203,99,202,99,193,91,188,77,186,65,186
439,207,439,215,442,217,447,219,462,220,469,217,471,215,470,206,467,203,464,202,448,202
146,208,146,220,150,224,158,228,187,227,192,226,197,221,197,210,196,208,191,203,182,203,179,202,165,202,155,203,150,205
405,251,405,260,410,264,420,267,428,267,434,269,448,269,453,267,467,266,473,264,476,261,476,252,472,248,462,248,453,246,419,246,413,246,408,248
400,293,400,301,402,301,403,302,405,304,407,304,410,307,419,309,465,308,470,307,483,307,489,305,492,303,492,293,490,291,485,289,470,289,462,287,443,288,439,287,411,286,403,289
525,317,525,332,526,334,528,339,535,345,543,346,553,347,605,346,615,345,639,346,639,304,627,304,616,307,609,307,605,306,584,306,580,306,578,304,545,304,538,305,529,311
285,327,285,342,295,349,308,352,342,354,368,354,383,349,388,344,390,340,390,330,387,325,382,322,380,319,370,316,359,316,350,314,318,313,312,315,305,315,290,320
441,344,437,346,435,346,436,378,440,383,442,398,445,399,445,407,449,410,461,413,480,413,481,414,490,415,508,414,511,412,513,408,517,403,517,373,516,369,514,368,512,361,509,359,509,356,504,352,503,349,489,349,488,351,485,351,485,355,483,358,473,358,472,355,470,355,470,353,466,352,465,346,459,345,457,344
0,352,0,374,24,374,32,370,35,367,35,360,29,354,15,352
270,416,270,425,271,426,271,428,312,428,311,416,303,413,277,413,274,414
