277,127,275,125,270,123,250,123,234,125,233,126,222,128,211,135,205,135,201,138,195,139,193,141,175,146,174,149,174,161,178,164,202,165,204,175,205,176,215,180,222,180,223,181,236,181,243,178,257,176,259,175,265,175,265,173,268,173,270,172,270,170,276,160
33,215,33,223,37,226,42,228,60,227,70,224,73,220,72,208,66,206,45,207,36,211,35,215
505,266,502,265,495,265,495,263,480,263,473,265,473,267,469,269,468,278,466,279,466,286,470,293,474,295,486,295,488,294,501,291,505,289,509,282,509,271
578,265,572,265,570,263,555,263,549,264,545,266,539,267,536,274,534,276,533,281,530,283,530,291,527,291,526,294,517,299,516,304,514,305,514,311,512,313,512,324,517,335,517,337,525,337,526,340,558,341,560,336,572,336,573,335,579,335,583,334,585,329,590,321,591,318,596,313,596,304,598,303,598,290,596,288,596,284,595,282,595,276,593,273,588,271,587,270,584,270
212,333,200,331,176,331,171,332,167,336,164,337,161,341,157,344,155,355,145,351,116,351,111,352,109,354,104,364,103,390,104,396,107,401,108,413,110,418,111,429,113,430,113,435,115,436,115,439,116,440,116,451,120,451,120,460,144,460,148,455,155,455,159,454,163,450,167,440,170,436,171,432,180,438,188,438,196,441,201,442,225,442,228,441,233,438,235,435,236,375,230,366,229,355,223,349,220,348,219,341,216,337
342,353,340,356,337,356,333,360,329,361,328,366,325,367,325,371,315,372,315,377,311,378,311,391,313,391,313,394,315,395,315,396,320,398,320,402,335,403,336,407,343,408,343,411,346,411,346,419,354,420,354,426,357,427,357,430,391,430,395,429,402,423,415,418,424,409,431,395,431,378,430,375,421,366,418,365,412,364,410,362,408,362,406,360,400,358,395,353,391,351,359,351,348,351,347,353
597,365,590,373,585,375,585,386,585,389,588,391,588,396,592,399,593,401,597,401,599,403,605,405,605,408,614,409,615,411,619,411,623,415,639,414,638,367,635,366,633,365,602,364
214,333,202,330,175,330,170,331,166,335,163,336,160,341,156,343,152,348,151,352,147,350,115,350,110,351,108,353,103,363,102,391,103,397,106,402,107,414,110,421,90,421,89,424,82,425,81,439,79,443,79,463,80,467,85,471,92,472,126,471,131,468,143,464,150,456,157,456,162,454,173,435,180,439,187,440,195,443,200,443,226,443,230,443,235,439,236,436,238,375,232,365,230,354,225,348,221,348,220,341,218,336
345,350,345,351,340,351,338,355,335,355,330,358,326,360,325,365,323,365,322,370,313,370,313,375,309,376,309,384,305,385,305,388,296,388,295,391,295,408,298,417,300,418,300,421,303,425,303,428,309,433,310,436,313,438,320,445,330,451,340,457,344,458,375,458,375,456,378,455,380,451,380,433,394,432,397,431,405,425,417,420,426,411,434,397,434,376,431,372,424,365,420,363,415,362,412,360,410,360,409,358,403,356,397,351,394,350
342,353,340,356,337,356,333,360,329,361,328,366,325,367,325,371,315,372,315,377,311,378,311,391,313,391,313,394,315,395,315,396,320,398,320,401,326,406,328,408,340,409,340,414,343,415,343,418,347,420,347,423,354,423,354,426,357,427,357,430,391,430,395,429,402,423,415,418,424,409,431,395,431,378,430,375,421,366,418,365,412,364,410,362,408,362,406,360,400,358,395,353,391,351,359,351,348,351,347,353
301,392,300,395,300,404,303,413,305,414,305,418,308,421,308,425,314,429,315,432,318,434,325,441,335,448,345,453,357,455,370,455,370,453,373,451,375,448,375,426,374,423,370,420,370,416,360,415,360,410,357,410,355,408,355,401,347,401,346,400,343,398,343,397,340,397,336,395,336,393,335,393,334,391,327,391,326,390,323,388,310,388,309,392
213,333,201,330,175,330,170,331,166,335,163,336,160,341,156,343,155,353,146,350,115,350,110,351,108,353,103,363,102,390,103,396,106,401,107,413,110,421,90,421,89,424,82,425,81,439,79,443,79,463,80,466,85,470,92,471,125,471,130,468,137,466,140,463,140,461,145,460,149,456,156,456,161,453,172,434,180,438,187,439,195,442,200,443,225,443,229,442,234,438,235,435,237,375,231,365,230,354,224,348,220,348,220,341,217,336
