57,61,57,71,59,72,60,75,63,76,64,79,67,81,77,82,120,83,121,81,129,81,140,81,151,83,172,83,174,81,177,81,180,79,180,77,184,76,185,73,185,59,183,54,179,50,166,47,130,45,110,45,102,46,77,47,69,49,63,52,60,56,60,59
46,88,46,101,48,101,48,116,50,117,50,120,55,121,56,123,61,123,61,126,63,127,63,130,67,130,72,132,96,133,130,132,134,133,164,134,167,133,173,131,175,131,177,130,184,129,186,127,195,127,196,125,199,125,200,123,203,121,205,118,206,118,206,105,203,105,203,94,201,93,194,93,194,90,190,89,190,87,188,87,184,84,182,84,177,83,167,83,162,82,161,81,102,81,92,83,69,83,67,84,55,84,52,86
43,130,42,133,32,133,27,138,27,152,26,153,26,158,22,159,22,170,26,173,27,184,28,185,30,191,29,204,29,239,30,241,30,252,41,252,42,254,54,254,55,256,72,256,72,255,76,255,78,252,80,237,80,213,82,210,82,197,80,194,77,192,77,185,78,184,80,182,80,166,73,165,72,162,69,162,69,153,65,152,64,149,64,133,60,130
42,130,41,132,31,132,26,137,26,151,24,152,24,157,21,158,21,170,24,173,25,181,28,189,27,239,29,241,29,257,30,258,30,268,31,269,37,269,37,271,62,271,63,270,65,270,65,268,67,265,75,261,76,255,78,253,81,238,80,214,82,210,82,197,80,193,78,191,78,185,78,184,81,183,81,177,88,176,91,175,93,173,93,169,94,168,94,154,93,151,92,151,92,147,91,146,82,146,81,145,65,144,65,132,61,130
197,215,180,215,180,216,176,217,171,220,171,227,167,236,167,244,171,250,175,252,189,252,195,248,197,239,199,236,199,230,197,230,197,227,199,227,199,218
401,248,399,245,395,244,382,244,375,245,350,245,324,245,319,248,319,255,320,256,323,257,371,257,394,256,399,255,401,253
139,253,134,256,132,260,131,274,135,279,138,281,141,281,145,284,161,283,169,279,168,272,171,271,171,269,173,269,173,264,172,262,167,259,166,256,160,252
203,264,199,261,189,261,184,264,173,264,171,262,164,262,165,279,175,281,186,281,191,280,195,278,197,278,204,274,205,266
361,294,361,300,364,300,364,305,394,306,396,306,416,306,432,306,463,306,467,303,467,297,466,296,461,294,416,294,397,293,370,293
464,296,463,302,465,304,468,306,483,306,488,303,488,297,485,295,468,295
355,306,355,313,358,316,361,318,401,319,409,316,410,304,401,302,382,302,373,300,359,300,358,303,356,304
402,304,402,316,410,319,483,319,488,318,491,316,492,314,492,306,490,304,486,303,485,302,466,301,442,302,439,301,426,301,422,303,419,303,417,302,406,302,406,303
