105,8,74,8,73,9,68,9,64,8,39,8,37,9,37,12,33,13,33,18,30,19,30,21,25,22,25,35,20,36,20,39,20,60,22,60,22,83,18,84,18,110,19,119,21,120,21,125,20,126,20,147,25,147,27,155,54,155,55,153,59,153,60,152,71,151,72,147,74,146,74,142,75,142,75,135,79,133,79,125,81,124,82,122,86,122,90,120,90,109,92,107,92,104,97,99,97,96,101,95,113,94,113,91,115,91,115,88,118,88,119,87,125,87,125,70,121,70,121,62,120,61,120,58,130,58,130,55,134,54,133,33,132,30,130,29,130,25,125,25,124,23,122,23,120,19,115,19,113,17,108,17
0,0,0,138,20,138,23,135,24,130,25,129,25,120,29,118,29,115,31,111,31,96,35,95,35,79,33,78,33,74,35,74,35,56,33,55,33,54,35,54,35,42,32,41,33,35,38,34,38,24,36,23,36,16,38,15,38,3,36,3,35,0
0,0,0,138,20,138,23,135,24,130,25,129,25,120,29,118,29,115,31,111,31,96,35,95,35,79,33,78,33,68,35,67,35,56,33,55,33,54,35,54,35,42,32,41,33,35,38,34,38,24,36,23,36,16,38,15,38,3,36,3,35,0
105,8,74,8,73,9,68,9,64,8,39,8,37,9,37,12,33,13,33,18,30,19,30,21,25,22,25,35,20,36,20,39,20,60,22,60,22,83,18,84,18,110,19,119,21,120,21,125,20,126,20,147,25,147,27,155,54,155,55,153,59,153,60,152,71,151,72,147,74,146,74,142,75,142,75,135,79,133,79,125,81,124,82,122,86,122,90,120,90,109,92,107,92,104,97,99,97,96,101,95,113,94,114,91,118,91,119,87,125,87,125,70,121,70,122,58,130,58,130,55,134,54,133,33,132,30,130,29,130,25,125,25,124,23,122,23,120,19,115,19,113,17,108,17
1,161,0,170,4,172,9,173,17,173,25,171,28,169,28,162,23,159,5,159
22,162,22,169,30,173,34,173,36,174,51,173,54,172,54,162,50,161,42,159,34,159,25,161
45,161,45,172,48,174,58,174,61,175,62,180,66,182,67,184,70,184,71,199,103,200,108,198,110,195,110,172,105,168,95,168,94,163,90,161,82,159,58,158,52,159
0,173,0,179,6,182,26,182,32,181,34,179,34,173,31,170,9,169,7,170,3,171
32,173,33,180,39,183,53,183,56,182,67,182,68,181,70,181,70,170,60,169,40,169,36,170
31,170,30,179,31,181,37,184,55,184,58,183,66,183,70,185,71,200,104,200,109,198,110,196,110,172,106,168,95,168,95,163,91,161,76,158,52,159,45,161,45,168,35,169
64,170,63,180,67,182,68,183,70,184,71,187,76,190,106,190,109,187,109,173,105,169,85,168
59,178,55,183,55,188,56,191,74,191,78,187,78,182,75,180,75,179
21,182,21,189,28,193,55,192,57,189,57,182,53,179,25,180
0,180,0,193,9,193,14,192,17,190,16,183,10,180
76,178,58,178,56,179,38,179,23,180,20,182,20,188,10,192,11,202,14,202,15,203,33,204,36,203,50,203,53,201,72,201,79,199,79,182,76,180
110,169,107,167,96,167,95,162,92,159,88,158,77,157,50,158,44,160,43,167,33,168,30,169,29,177,22,178,18,180,18,187,8,190,9,203,11,203,12,204,35,205,38,204,52,204,55,203,74,203,80,200,105,201,109,199,111,197
78,182,75,180,75,178,58,178,54,182,53,187,38,187,25,189,18,189,10,192,11,201,14,201,15,203,32,203,35,202,50,202,52,201,71,201,78,198
0,191,0,205,10,205,12,203,18,201,18,192,11,190
