155,14,153,11,150,9,139,7,122,6,73,8,71,9,67,13,65,13,65,26,66,26,70,31,77,32,88,31,103,33,110,33,111,32,150,32,155,28
323,13,321,8,316,5,295,5,290,7,259,6,236,7,212,7,209,9,206,13,206,26,208,29,212,32,298,32,317,33,322,30,323,26
3,16,3,24,5,28,9,31,65,31,69,29,71,26,71,26,72,22,71,13,67,9,62,9,10,9,6,11,4,13
153,14,153,25,154,27,158,30,202,30,207,28,208,26,209,24,209,13,207,10,204,9,161,9,155,10,153,12
155,29,155,40,157,41,195,41,199,38,199,31,196,29,193,28,173,29,166,27,157,27
201,31,201,39,204,41,235,42,245,41,248,39,248,31,245,29,206,27
78,32,78,38,79,40,81,41,101,41,103,40,103,30,102,29,80,29
99,29,100,40,104,43,133,41,141,42,146,39,146,30,142,28,113,28,109,27,108,26,104,26,103,27,101,27
158,29,155,28,146,29,142,31,143,39,148,41,156,41,159,40
322,36,320,32,318,30,288,31,284,34,284,44,285,48,288,50,299,52,304,50,311,50,313,53,319,53,319,50,321,48,322,46
196,42,196,50,198,52,219,52,223,52,225,50,225,42,223,40,199,40
119,41,117,41,117,39,115,39,115,38,111,38,111,39,104,39,101,42,101,50,103,52,117,52,119,50
144,42,141,39,131,39,126,41,121,40,116,42,116,50,120,53,143,53,144,52
156,42,156,51,159,53,172,54,195,52,198,50,198,43,197,41,195,39,168,39,159,40
141,42,141,52,156,53,159,51,159,42,157,41
95,57,95,69,96,70,100,72,154,72,166,74,207,74,210,72,229,72,232,70,232,59,231,57,227,55,212,55,209,54,129,53,121,54,98,55
13,83,9,89,8,99,7,139,9,149,13,156,15,158,20,158,21,157,22,157,23,154,25,154,28,148,28,113,29,108,28,92,27,88,23,83
15,151,12,154,9,159,8,177,9,226,10,230,14,235,20,235,26,231,28,228,28,214,27,201,28,197,29,170,28,168,27,156,21,151
13,231,10,236,9,243,9,250,7,255,7,281,8,289,8,326,12,337,27,336,30,326,30,315,29,311,29,304,28,297,28,281,29,279,29,259,29,254,28,252,28,242,26,236,25,234,20,231
