353,146,353,155,359,161,386,161,390,163,398,163,410,161,413,158,413,148,409,145,392,145,389,143,365,143,356,144
244,158,244,166,245,171,250,176,256,177,298,178,304,176,306,174,310,168,310,158,307,155,300,151,290,150,258,150,249,152
355,161,355,170,359,173,362,175,379,175,385,176,399,176,407,175,407,173,409,173,409,166,402,166,400,165,400,159,399,159,396,157,382,157,381,156,359,156
354,144,352,146,352,156,355,159,355,171,358,174,361,175,378,175,385,177,400,177,408,175,408,174,412,171,414,148,411,145,404,144,393,144,390,143,365,143
37,185,37,198,56,200,59,201,91,201,92,200,94,200,96,196,95,186,92,183,82,181,45,181
53,208,53,215,59,218,84,218,88,216,88,209,81,205,60,205
588,238,586,240,586,248,588,251,588,257,586,258,586,266,590,272,622,273,628,271,629,273,639,273,639,236,597,236,590,236
270,278,269,286,272,289,277,290,295,290,298,289,300,286,300,280,294,275,278,275,274,275
596,300,596,317,601,318,639,319,639,296,604,297
361,348,361,356,368,361,401,359,404,358,407,355,407,349,404,346,401,345,365,345
360,347,360,356,366,360,366,366,368,369,372,371,396,370,400,366,400,360,404,358,407,355,407,348,404,345,401,345,365,345
