126,0,115,7,113,13,113,32,116,37,119,40,117,42,116,43,113,46,110,50,110,70,112,74,117,78,117,82,112,84,108,87,108,91,106,95,106,112,108,115,108,127,111,130,118,132,132,133,132,151,134,152,135,153,139,156,147,157,148,159,179,159,180,160,188,160,188,163,190,163,190,167,192,170,192,174,216,174,217,173,236,173,249,171,256,171,270,173,308,173,321,172,325,170,328,170,328,169,335,169,339,166,341,161,343,160,344,157,347,156,347,154,348,153,350,147,350,129,347,127,345,126,343,124,336,123,332,121,295,121,294,114,293,111,290,110,287,108,287,107,292,105,294,103,297,101,311,101,315,100,319,100,324,98,326,97,330,94,333,93,336,87,335,61,334,61,333,59,326,54,324,43,329,39,332,33,332,16,331,14,331,12,325,5,325,0
113,13,113,32,116,37,120,40,128,42,129,44,145,44,147,45,147,46,151,47,177,48,179,49,179,51,180,51,181,53,205,53,207,52,225,51,225,50,231,50,232,49,236,48,239,46,242,50,244,50,244,51,250,51,251,54,275,54,279,53,282,53,283,51,289,51,290,50,292,50,292,49,315,49,316,47,323,44,328,40,331,36,332,33,332,16,331,14,331,12,325,5,325,0,126,0,115,7
345,24,341,26,338,30,338,42,347,49,347,51,355,51,358,50,369,50,373,40,373,31,373,29,371,28,369,25,363,22,354,22,354,23,352,24
126,0,115,7,113,13,113,32,116,37,119,40,117,42,116,43,113,46,110,50,110,70,112,74,117,78,117,82,112,84,108,87,108,91,106,95,106,112,108,115,108,127,111,130,118,132,132,133,132,151,134,152,135,153,139,156,147,157,148,159,179,159,180,160,188,160,188,163,190,163,190,167,192,170,192,174,216,174,217,173,236,173,249,171,256,171,270,173,308,173,321,172,325,170,328,170,328,169,335,169,339,166,341,161,343,160,344,157,347,156,347,154,348,153,350,147,350,129,347,127,345,126,343,124,336,123,332,121,295,121,294,114,293,111,290,110,287,108,287,107,292,105,294,103,297,101,311,101,315,100,319,100,324,98,326,97,330,94,333,93,336,87,335,61,334,61,333,59,329,59,329,56,326,54,324,43,329,39,332,33,332,16,331,14,331,12,325,5,325,0
126,0,115,7,113,13,113,32,116,37,119,40,117,42,116,43,113,46,110,50,110,70,112,74,117,78,117,82,112,84,108,87,108,91,106,95,106,112,108,115,108,127,111,130,118,132,132,133,132,151,134,152,135,153,139,156,147,157,148,159,179,159,180,160,188,160,188,163,190,163,190,167,192,170,192,174,216,174,217,173,236,173,249,171,256,171,270,173,308,173,321,172,325,170,328,170,328,169,335,169,339,166,341,161,343,160,344,157,347,156,347,154,348,153,350,147,350,131,342,131,341,124,332,121,295,121,294,114,293,111,290,110,287,108,287,107,292,105,294,103,297,101,311,101,315,100,319,100,324,98,326,97,330,94,333,93,336,87,335,61,334,61,333,59,329,59,329,56,326,54,324,43,329,39,332,33,332,16,331,14,331,12,325,5,325,0
346,45,346,49,343,57,343,64,344,69,345,70,345,73,343,74,343,82,345,83,345,90,354,94,367,95,367,93,369,92,369,91,371,90,371,89,374,87,386,88,386,81,384,81,384,79,386,78,386,72,382,71,382,69,380,69,380,65,382,64,382,58,376,54,375,51,371,48,369,44
129,30,128,33,125,34,124,36,121,37,121,38,117,42,116,43,113,46,110,50,110,70,112,74,117,78,117,82,112,84,108,87,108,91,106,95,106,112,108,115,108,127,111,130,118,132,132,133,132,151,134,152,135,153,139,156,147,157,148,159,179,159,180,160,188,160,188,163,190,163,190,167,192,170,192,174,216,174,217,173,236,173,249,171,256,171,270,173,308,173,321,172,325,170,328,170,328,169,335,169,339,166,341,161,343,160,344,157,347,156,347,154,348,153,350,150,350,132,342,132,341,124,332,121,295,121,294,114,293,111,290,110,287,108,287,107,292,105,294,103,297,101,311,101,315,100,319,100,324,98,326,97,330,94,333,93,336,87,335,61,334,61,333,59,329,59,329,56,326,54,324,43,322,41,320,37,315,34,315,33,313,33,312,32,287,32,286,34,274,34,270,36,267,36,266,35,263,33,262,31,259,30,259,29,255,29,254,28,227,28,225,30,218,30,215,33,211,33,210,34,209,34,208,35,207,35,206,36,199,36,198,30,174,30,173,31,171,31,169,29,167,29,163,26,138,26,134,28,134,30
352,20,352,22,350,23,343,23,337,26,335,30,335,42,339,46,344,50,343,55,342,57,342,65,343,70,345,71,344,73,343,74,343,83,344,84,344,89,345,91,354,95,360,96,363,98,374,98,376,97,376,96,378,96,381,96,384,92,386,92,388,91,388,83,387,81,385,80,385,80,387,79,387,71,384,71,383,69,382,68,382,66,383,65,383,58,377,54,376,51,372,47,375,41,375,30,375,28,373,27,371,23,365,20
378,111,376,114,373,115,373,116,368,120,368,140,371,140,372,140,377,140,378,143,389,143,389,147,392,148,393,150,394,150,395,151,416,151,421,149,425,146,425,135,421,128,417,125,416,125,416,119,414,117,414,114,409,114,408,113,407,113,406,112,403,111,402,110,398,110,397,110,383,110,382,111
0,128,0,145,20,146,39,145,39,142,40,142,41,140,41,133,32,127,25,125,7,126
104,136,100,132,91,130,69,130,65,131,42,131,37,132,34,132,34,136,33,137,31,137,31,139,31,145,38,149,46,151,72,152,93,151,98,150,103,147,104,145
361,135,351,141,348,146,348,156,349,157,350,161,356,166,363,169,374,170,396,170,397,167,401,166,401,159,401,156,403,155,402,143,399,143,397,141,396,141,395,140,393,140,393,138,389,138,386,136,382,136,381,135,380,135,378,133,369,133,367,134
350,140,347,146,347,157,348,158,349,162,358,168,367,170,387,171,388,173,392,177,398,179,404,180,421,180,427,179,431,177,431,174,433,172,433,159,430,155,418,147,416,147,415,146,405,146,404,143,400,143,399,141,397,141,397,140,395,139,395,138,390,138,388,136,383,136,382,134,381,134,380,133,368,133,367,134,362,134
115,161,115,175,117,176,122,179,131,180,155,180,164,180,167,182,194,181,202,179,207,177,208,172,211,170,211,162,209,162,207,156,206,156,206,152,199,152,195,151,195,150,180,150,179,149,154,148,152,150,149,150,145,152,131,153,124,156,120,160
95,188,92,189,91,190,83,190,83,192,80,192,75,194,73,197,73,207,76,209,76,216,77,217,77,219,75,221,75,233,78,236,80,241,85,243,92,245,103,245,108,244,110,243,114,243,115,241,123,240,125,239,126,235,128,233,129,221,126,218,125,215,123,214,123,208,126,205,126,195,122,191,117,189
