0,32,0,54,25,55,30,52,30,40,28,37,25,33
26,41,26,53,27,55,32,56,44,56,46,55,46,45,42,41,36,40,29,40
134,80,134,90,137,93,151,93,152,82,148,79,135,78
147,83,147,93,151,98,162,100,168,100,171,97,171,90,169,85,163,84
136,101,136,110,138,114,147,115,151,117,157,119,167,119,169,117,169,107,166,103,153,102,147,99,139,99
213,125,213,137,217,142,245,143,248,142,248,138,249,137,249,126,247,124,244,121,231,120,225,122,216,122
244,132,244,142,246,147,249,150,284,150,288,148,288,133,284,129,271,127,251,127,246,128
283,134,283,149,287,151,312,158,323,157,326,155,327,153,327,141,326,138,324,137,305,135,301,134
197,150,197,161,201,168,207,170,212,173,243,175,246,171,249,171,250,153,244,147,231,148,227,146,213,146,208,145,201,145,198,146
243,158,243,172,245,174,247,177,257,177,258,179,270,180,302,181,321,184,337,184,342,179,341,163,338,160,330,157,315,158,313,155,293,152,246,152,244,153
203,171,203,187,204,190,207,195,247,195,253,196,261,196,262,198,265,200,298,200,303,202,316,202,319,204,336,204,341,199,341,185,343,181,343,162,339,157,332,155,317,155,314,153,294,150,244,150,242,150,241,163,210,162,205,166
205,175,205,183,206,186,210,190,242,190,244,189,247,189,247,170,244,169,241,166,212,165,207,170
242,151,241,174,240,175,240,192,244,194,262,195,263,197,266,200,299,200,303,201,317,201,320,203,335,203,340,198,340,184,343,180,343,163,342,160,337,157,334,157,331,155,316,156,314,154,294,150
241,176,241,190,254,194,263,194,264,195,267,198,300,198,304,200,318,200,321,201,334,201,339,196,339,181,337,179,337,175,321,174,314,171,276,171,264,170,264,168,246,167,245,169,242,170,242,175
207,201,207,214,210,217,214,219,221,219,222,220,239,220,245,219,247,213,247,201,245,201,243,200,211,199
200,216,200,234,202,239,209,242,224,243,225,245,225,255,230,260,244,260,245,261,271,263,274,262,274,260,276,257,277,257,278,245,298,246,299,245,340,246,344,244,347,239,347,221,345,217,334,214,321,214,320,203,318,200,315,198,308,198,303,195,276,196,264,195,245,195,240,197,239,208,231,210,220,210,219,211,204,211,201,213
313,208,313,219,318,225,337,225,341,220,340,209,336,205,319,205
199,215,199,235,202,240,208,243,223,244,225,245,224,247,221,249,219,253,219,272,222,277,226,278,261,279,269,276,269,267,271,266,272,263,274,263,275,260,276,258,278,258,279,246,299,247,300,245,341,247,345,245,348,240,348,220,346,216,335,213,321,213,321,202,319,200,315,197,309,197,303,195,277,195,265,194,244,194,239,196,239,207,231,209,219,209,218,210,203,210,201,212
208,238,208,248,212,253,226,254,233,251,232,233,212,232
270,243,270,254,275,260,318,260,319,258,329,260,339,260,343,257,344,255,344,240,342,237,338,235,304,234,302,235,297,235,292,234,275,234,274,236,271,239
261,260,261,271,266,275,270,276,325,278,327,275,329,275,330,274,330,260,329,260,328,257,324,255,320,255,318,252,273,253,271,251,265,251,263,252,263,259
205,284,205,298,206,300,210,304,215,305,218,307,224,307,225,305,245,305,249,304,255,300,255,282,251,279,231,279,223,277,212,277
249,281,249,301,253,305,258,306,305,308,310,306,315,308,346,309,352,306,354,300,354,288,353,283,351,280,346,279,336,279,332,280,321,280,311,282,301,280,275,281,273,280,257,279
354,289,351,282,345,280,309,283,305,285,305,305,315,307,348,307,351,305,353,303,354,299
250,282,250,300,254,304,259,305,273,305,277,306,305,307,310,305,310,285,306,282,274,282,272,280,258,280
193,309,193,337,196,347,198,350,202,352,209,353,210,355,232,355,237,353,249,353,254,351,348,350,354,350,358,347,360,345,361,345,362,339,362,315,361,310,356,305,346,302,287,302,276,300,274,299,228,300,227,298,214,298,199,301,195,305
278,355,278,370,286,371,288,374,309,374,315,371,326,370,329,367,329,365,329,355,326,350,283,351
239,355,239,366,242,371,251,374,281,374,281,355,276,350,244,350,241,352
285,372,285,388,293,390,314,390,318,388,341,388,345,384,345,370,344,368,342,367,315,368,313,366,292,366,288,367
227,373,227,387,231,393,242,393,247,391,281,392,288,390,290,388,290,376,289,375,289,371,285,369,283,369,282,366,247,366,247,368,245,369,230,368
427,409,407,409,406,411,391,411,388,413,373,414,370,416,370,425,372,427,427,425
273,419,269,415,262,412,242,414,237,419,237,433,238,436,241,440,267,439,272,434
211,482,211,495,216,501,229,505,249,505,254,503,256,500,258,500,261,495,264,487,264,471,263,467,256,465,226,465,217,468,213,474
85,531,85,543,86,544,86,549,90,550,94,555,105,555,115,554,119,550,119,545,121,545,121,534,120,530,116,525,113,525,112,524,98,524,90,527,88,530
228,604,225,592,221,586,219,585,214,580,196,580,190,583,187,585,177,588,172,593,155,595,151,597,147,597,141,603,139,604,138,605,138,609,136,610,135,613,134,637,137,637,137,639,224,639,227,633,227,630,229,628
