470,15,457,14,447,18,442,25,440,27,436,33,435,38,433,41,434,53,449,53,450,51,456,51,457,50,461,48,463,40,466,36,466,31,469,29,469,26,471,26
541,42,539,40,531,39,488,39,485,40,471,40,468,42,455,43,455,47,453,48,445,48,444,50,431,50,427,57,422,58,419,61,419,70,421,71,421,74,425,82,431,84,460,84,464,83,474,83,504,72,518,73,520,71,521,61,534,61,541,54
541,42,539,40,531,39,488,39,485,40,471,40,468,42,455,43,455,47,453,48,445,48,444,50,431,50,427,57,422,58,419,61,419,70,421,71,421,74,425,82,431,84,460,84,464,83,474,83,504,72,518,73,520,71,520,63,530,63,531,61,534,61,541,54
606,244,598,249,595,255,596,278,606,278,607,282,609,282,610,284,625,283,625,285,630,285,631,287,639,287,639,243,614,243
99,258,90,258,81,260,75,270,75,284,79,293,84,295,99,295,104,293,108,288,108,283,110,281,110,273,104,260
606,244,598,249,595,255,595,276,598,285,605,296,610,300,639,301,639,243,614,243
384,300,384,308,387,312,437,312,441,310,442,308,442,298,439,295,435,294,400,293,395,295,390,295
387,313,387,320,390,321,395,323,420,323,426,322,429,320,429,314,424,310,409,310,405,308,393,308
555,317,555,326,550,327,546,333,546,344,549,346,576,350,588,350,593,351,595,353,600,353,605,356,630,356,636,354,636,338,639,338,639,323,629,316,619,314,598,314,589,316,588,315,584,314,565,314,562,316,557,316
379,323,379,333,385,336,393,337,394,338,440,338,445,335,445,325,443,323,436,321,384,320,380,321
112,335,112,347,114,354,121,354,122,356,125,356,183,356,190,354,193,351,193,338,191,335,187,333,176,331,150,330,121,330,115,331
375,338,375,346,380,350,394,351,404,355,421,355,425,358,436,358,437,356,440,356,443,351,443,344,440,336,436,336,435,335,423,335,419,334,400,333,400,332,389,332,380,334
115,421,112,426,112,435,118,448,123,451,127,451,129,453,133,455,143,456,155,456,155,452,161,452,171,448,173,443,175,442,175,433,172,427,170,424,165,421,160,420,146,418,122,418,117,420
