238,60,238,67,240,72,248,76,256,78,340,78,353,74,354,73,353,58,350,54,342,51,295,51,251,52,245,54,240,57
258,73,258,75,253,80,253,92,260,97,269,97,270,98,300,99,300,91,303,86,303,79,298,76,296,73
291,77,291,84,288,86,288,89,285,90,285,98,292,103,298,105,340,106,391,106,400,104,403,102,406,98,407,86,403,80,397,78,367,74,328,75,320,75,307,75,295,77
204,239,200,237,195,229,188,226,181,225,108,225,97,228,95,230,90,235,90,244,92,245,94,249,99,253,105,257,128,257,130,256,155,255,155,256,181,256,182,255,192,255,193,254,196,253,198,252,200,251,200,247,204,247
194,240,194,250,205,255,212,256,232,256,238,254,240,251,240,243,236,239,231,237,225,236,210,236,205,237
239,248,240,255,246,259,255,261,290,261,297,259,302,256,302,249,300,245,295,241,285,240,253,241,245,243
338,240,324,240,311,242,300,248,300,259,308,265,311,266,334,266,340,264,344,260,344,248,341,243
345,250,345,251,342,253,342,260,347,266,353,269,366,270,370,271,392,271,396,271,402,269,405,268,405,262,408,261,409,260,409,253,399,247,393,246,374,246,370,245,353,245
94,257,94,272,96,274,96,275,100,278,108,279,110,281,111,281,114,282,126,282,130,283,136,283,137,284,151,284,153,282,164,282,167,281,185,281,200,280,209,278,214,275,215,270,215,259,213,255,208,252,195,250,195,249,169,249,168,248,164,248,140,248,139,248,128,248,122,249,105,249,97,254
400,253,399,269,402,270,410,274,415,276,429,276,435,277,450,277,458,276,465,274,467,271,467,261,465,259,465,256,456,252,449,250,437,249,414,249,406,252
220,260,216,263,213,269,213,276,217,283,225,287,242,287,248,286,254,281,257,280,258,269,253,263,249,261,236,260
251,269,251,281,256,284,260,288,267,290,275,290,295,290,307,288,309,287,319,287,319,271,311,267,308,266,290,264,264,265,259,267,254,269
310,276,309,287,312,289,315,293,320,295,332,296,334,297,343,297,350,299,375,299,394,297,404,292,404,280,400,275,393,272,375,270,354,270,351,269,345,269,336,267,323,267,313,271,312,275
395,285,395,296,396,297,398,302,402,304,405,304,411,307,428,307,451,305,476,306,505,306,511,305,515,302,518,299,518,287,515,284,510,281,499,281,494,279,484,278,411,278,400,281
563,336,562,343,568,347,575,348,598,348,601,347,603,345,603,337,600,335,588,333,576,333,567,334
553,359,553,366,600,366,600,360,598,356,594,354,587,353,573,353,564,354,558,356
