45,41,40,50,40,59,43,61,43,63,45,66,54,71,65,73,91,73,101,70,108,63,109,49,106,45,101,41,95,38,85,35,62,35,55,36
15,162,15,173,19,176,22,178,75,179,78,178,81,175,81,166,80,162,78,161,68,158,61,158,55,157,30,157,22,158,19,159
203,170,197,175,197,183,199,186,202,189,206,190,218,190,221,188,225,183,225,175,224,172,221,170,218,170
16,181,16,189,19,192,45,193,49,191,51,189,51,181,48,178,22,178,19,179
12,200,12,210,15,213,19,216,25,217,68,216,96,216,104,215,108,210,107,198,104,195,96,193,54,193,21,194,17,195
29,231,28,240,30,243,35,245,52,245,59,242,60,231,53,228,37,227,30,230
79,233,79,242,84,245,105,246,110,245,114,241,113,233,107,230,88,229,82,230
24,253,24,263,28,266,40,268,59,267,65,265,65,254,62,251,57,249,33,249,28,250
80,254,80,263,85,266,94,268,105,268,111,266,115,264,115,255,110,251,102,250,85,250
117,288,117,298,121,303,125,305,144,305,155,300,156,296,156,290,154,286,149,283,129,283,123,284
639,291,596,290,578,291,558,291,534,292,524,295,519,299,519,308,520,310,524,310,528,313,536,314,540,315,564,315,584,315,590,316,639,317
639,290,595,290,577,291,557,290,533,291,523,294,518,298,518,308,521,312,526,312,527,313,535,314,539,315,563,315,583,315,589,316,639,317
