451,143,447,153,447,161,449,166,452,168,460,170,499,171,503,168,506,158,506,147,505,144,496,139,491,138,481,138,478,136,460,136
323,166,320,171,320,181,325,190,336,190,337,194,362,193,367,190,372,181,372,170,368,165,358,163,333,163
307,178,302,170,296,167,268,166,265,168,260,173,256,175,249,175,244,176,210,177,200,182,195,182,189,184,174,186,170,188,170,191,170,202,172,205,180,206,203,206,209,205,216,204,221,202,235,202,249,199,265,198,269,196,277,197,293,197,301,195,305,192,307,189
440,180,440,189,447,192,458,192,479,194,508,194,513,193,515,191,515,181,510,178,502,178,496,176,448,176,444,177
307,178,302,170,296,167,268,166,265,168,260,173,256,175,249,175,244,176,210,177,200,182,195,182,189,184,174,186,170,188,170,191,170,202,174,206,203,206,209,205,216,204,221,202,235,202,249,199,265,198,269,196,277,197,293,197,301,195,305,192,307,189
540,193,538,195,538,196,536,197,536,215,540,216,548,226,550,234,551,248,555,250,555,253,564,253,565,255,570,256,572,258,575,258,576,259,596,258,601,255,601,243,600,239,598,238,595,233,595,230,590,225,583,218,581,215,572,210,569,204,565,202,565,200,560,195,557,195,554,193
540,293,540,301,545,303,582,303,587,302,590,300,590,292,584,290,549,290,543,291
89,294,89,300,94,303,112,303,117,303,120,300,120,294,118,292,100,291,90,293
330,307,330,316,332,318,358,318,365,316,368,314,368,308,365,305,361,304,334,305
186,325,186,327,184,328,181,333,181,349,183,353,186,355,194,358,219,358,228,357,236,352,240,346,240,335,232,326,223,322,215,321,198,321,190,323
318,346,318,358,321,361,327,363,355,363,364,360,367,356,366,346,363,343,357,341,331,341,323,342
