395,88,395,98,397,101,406,106,411,107,445,108,451,107,456,106,465,107,503,107,510,105,515,105,515,85,510,81,505,81,504,80,470,80,462,81,459,82,455,82,453,81,410,80,403,83
312,88,312,102,317,105,326,107,383,107,399,104,403,98,403,88,401,87,387,83,380,83,377,81,325,82,319,84
507,86,507,91,505,98,505,105,516,107,520,109,555,110,564,106,564,102,567,102,567,94,563,87,558,83,550,82,526,82,520,83
422,113,423,132,426,132,434,135,475,135,485,138,495,139,525,140,531,139,535,137,540,137,545,131,545,115,539,110,534,109,485,108,473,110,470,109,433,108,424,113
313,118,313,129,319,134,325,136,347,136,358,139,377,138,388,139,415,139,425,137,435,132,435,121,433,118,433,113,430,113,425,110,419,109,410,109,404,108,369,108,355,109,349,112,323,111,316,114
469,248,461,252,461,259,464,259,465,272,471,272,477,274,490,273,495,271,497,267,501,265,500,249,485,246,474,246
450,251,445,253,442,256,440,260,441,278,443,278,445,280,447,281,449,284,458,284,463,283,470,277,470,275,473,272,473,263,470,262,470,261,468,260,468,252
500,253,500,254,497,255,497,256,495,257,495,265,499,266,500,272,502,279,505,281,513,281,516,279,518,273,517,258,511,253
520,272,518,274,515,279,516,298,523,304,535,305,537,303,541,303,542,280,538,274,535,272
450,272,440,272,432,274,426,275,423,278,420,281,420,292,425,297,426,301,435,301,436,303,445,303,455,296,457,293,458,279,451,275
426,296,421,299,416,305,417,318,419,319,420,322,423,324,426,325,437,325,442,322,444,319,444,298,440,298,439,297
432,324,430,326,425,331,425,342,427,347,429,349,434,352,445,352,450,349,453,344,453,330,450,327,447,325
531,326,528,327,524,330,521,334,521,348,525,350,531,353,540,353,544,350,545,346,545,332,541,327,540,327,539,326
483,329,483,332,479,332,476,341,477,350,483,355,493,355,496,353,496,350,498,349,496,329
455,344,450,349,450,367,455,373,465,373,469,370,471,363,471,348,470,345,467,344
509,344,504,347,502,350,502,367,508,373,521,374,525,372,527,368,526,349,524,346,520,344
482,352,476,357,475,359,475,367,478,375,480,379,483,381,494,382,498,379,501,375,501,358,498,354,495,353,493,352
