444,6,444,13,445,15,450,16,485,13,489,11,489,3,483,0,450,0
491,30,488,27,445,29,442,31,442,41,447,43,458,43,466,42,485,41,491,38
441,104,438,109,438,119,441,124,441,130,445,133,482,133,486,131,489,129,489,122,483,118,461,118,460,105,452,103
441,104,438,109,438,120,441,125,441,131,445,133,483,133,487,132,490,130,490,122,488,121,489,113,486,110,462,109,461,105,459,105,457,104
441,120,441,130,445,133,447,133,482,133,486,131,489,129,489,122,483,118,450,118,450,120
104,152,101,154,100,156,100,206,103,212,107,215,118,215,120,214,123,209,122,159,121,155,118,152
420,160,420,172,428,172,429,171,445,171,449,170,453,168,453,161,450,159,428,158
453,160,448,158,409,158,403,162,401,167,401,174,405,180,407,181,418,181,424,179,424,176,429,171,445,171,450,170,453,168
420,168,420,170,418,172,418,179,424,181,454,181,457,181,460,178,460,171,456,169
414,186,414,194,419,196,436,196,443,192,443,185,440,183,420,182,416,184
466,190,462,191,460,194,459,201,457,205,458,222,463,228,466,229,478,229,484,227,487,224,488,220,490,219,490,215,491,212,491,206,489,201,488,195,485,191,480,190
264,212,263,225,268,227,293,227,299,225,300,221,300,213,296,210,281,208,273,208,268,209
461,242,458,244,454,247,454,258,457,260,457,262,460,265,466,266,467,267,477,267,482,264,485,260,490,260,494,257,494,250,490,248,490,246,488,243,481,242
110,284,102,289,100,291,100,298,105,306,112,309,118,310,130,309,136,305,140,301,140,291,139,289,136,287,136,285,130,282,119,282
