67,0,66,2,61,8,59,15,56,19,50,22,48,25,48,46,50,51,52,76,54,81,63,82,65,92,74,103,79,105,81,107,99,107,102,103,104,96,104,59,100,45,101,27,104,20,103,0
67,0,63,6,61,8,59,15,56,19,50,22,48,25,48,46,50,51,52,76,54,81,63,82,65,92,74,103,79,105,81,107,99,107,102,103,104,96,104,59,100,45,101,27,104,20,103,0
58,175,57,178,58,199,66,205,69,205,71,207,71,213,69,218,69,240,73,264,77,266,82,266,83,274,89,274,90,284,102,284,106,282,111,275,114,266,114,253,116,249,118,242,118,217,115,208,113,203,108,198,111,191,111,173,110,170,108,167,102,165,78,165,76,167,69,170,63,171
58,175,57,178,57,196,59,200,61,201,66,205,69,205,71,207,71,213,69,218,69,240,73,264,78,267,78,277,88,285,99,285,106,282,111,275,114,266,114,253,116,249,118,242,118,217,115,208,113,203,108,198,111,191,111,173,110,170,108,167,102,165,78,165,76,167,69,170,63,171
271,255,271,280,270,282,270,305,276,310,290,310,334,318,365,319,370,315,374,310,374,309,377,305,378,305,383,297,386,287,386,260,380,248,378,248,375,244,370,240,328,242,320,241,318,240,300,240,298,241,283,244,274,251,273,253,272,253
281,258,277,258,270,253,259,251,202,254,196,259,193,265,192,273,191,275,191,296,194,302,198,304,200,306,205,308,206,310,211,311,225,311,230,314,266,312,281,304
448,586,445,582,439,580,438,576,435,573,414,573,408,575,388,575,385,578,365,578,360,582,355,582,352,584,337,584,333,586,316,587,311,589,310,591,310,615,313,619,313,627,316,630,334,630,337,628,363,628,373,626,376,625,378,618,395,616,398,614,428,613,435,610,441,610,445,608,447,605
255,604,252,601,240,600,231,601,228,604,209,604,204,606,190,606,188,608,159,610,156,611,133,612,129,615,129,627,132,630,141,630,142,628,154,629,161,625,177,627,178,625,187,625,191,622,207,623,208,621,232,620,233,618,253,617,255,614
233,604,209,604,204,606,190,606,188,608,159,610,155,612,155,625,176,626,177,625,186,625,191,621,206,622,208,620,231,620,233,617
233,614,233,627,256,626,260,623,260,615,258,612,255,612,252,610,240,610,235,611
238,619,236,612,205,614,204,615,188,617,184,619,184,627,185,630,185,633,188,633,188,635,196,635,199,633,221,632,238,627
239,619,237,612,225,612,218,614,205,614,204,615,200,615,196,617,178,618,166,621,132,622,130,623,129,625,129,636,131,639,165,639,176,636,197,635,200,634,221,633,239,628
221,626,221,635,222,639,256,639,262,637,265,635,266,633,266,624,265,621,262,620,234,620,232,621,223,623
228,632,226,630,226,626,225,626,223,625,197,626,196,628,170,629,156,631,156,639,228,639
