181,98,181,107,183,108,189,110,222,110,230,108,232,105,232,100,229,96,188,95,183,96
49,125,49,130,51,132,55,132,95,133,100,131,100,124,94,123,52,122
264,148,263,156,266,159,270,160,300,160,307,159,306,151,300,148,289,147,284,146,269,146
360,152,359,150,353,147,338,147,333,149,306,149,300,151,300,159,308,162,319,164,352,162,357,161,360,160
405,198,405,206,410,209,421,211,437,211,443,210,445,208,445,203,436,197,427,195,410,195,407,196
492,225,491,232,493,235,499,239,515,239,521,237,525,235,527,232,527,227,525,224,520,222,499,221,495,222
270,227,267,225,265,225,236,225,228,226,220,231,220,237,222,240,222,242,237,243,261,243,266,240,270,236
592,228,591,239,595,241,602,242,632,242,639,240,639,230,635,227,614,226,612,224,610,224,599,224,599,226,595,228
228,231,220,231,219,232,204,232,193,234,190,238,190,244,191,246,195,248,224,247,226,246,230,242,230,236,228,235
92,244,92,252,95,255,100,256,142,256,150,254,151,252,151,244,150,242,143,240,99,240,95,241
