0,68,0,108,7,113,7,115,16,116,18,117,25,118,30,120,34,120,47,123,49,124,65,124,71,125,109,126,129,123,132,116,139,115,142,101,142,86,138,85,138,80,135,79,135,77,129,77,128,73,126,73,123,70,116,66,107,64,105,62,94,60,83,59,78,58,29,58,22,60,15,60
163,85,163,99,165,101,174,106,182,106,186,108,187,115,189,117,191,118,193,120,203,123,234,123,242,126,277,126,280,125,281,120,285,120,285,110,286,108,290,106,305,106,310,104,310,93,302,92,302,84,276,78,170,78,166,80
357,94,357,106,360,110,394,110,398,111,423,111,434,105,434,96,428,91,422,89,388,88,380,86,367,86,362,88,359,90
430,96,430,106,434,108,440,110,442,111,443,115,448,118,492,117,500,115,503,113,504,97,503,95,497,92,483,91,465,93,455,91,443,91,435,93
354,109,354,116,358,120,373,121,391,121,410,123,430,123,433,120,433,111,430,108,428,108,422,106,397,105,390,106,387,106,386,104,367,104,360,105,357,106
120,101,116,102,116,103,113,105,112,108,110,109,109,111,109,140,107,146,108,231,110,238,110,248,108,251,108,267,101,275,101,295,103,297,110,300,143,300,152,297,153,295,155,294,155,280,150,276,152,255,151,237,154,233,155,228,155,186,157,177,157,170,159,167,160,126,157,118,157,112,153,105,150,103,144,103,141,101
330,243,330,248,335,251,389,252,392,250,392,242,387,240,335,240
305,242,305,251,330,252,333,251,335,248,335,243,332,241,308,240
171,244,170,251,167,253,167,261,171,263,180,265,211,265,221,263,224,261,224,252,221,246,218,243,210,242,173,243
475,246,475,251,473,255,473,261,475,263,493,265,518,265,524,263,526,260,526,251,524,246,521,245,511,243,479,244
230,250,231,263,238,266,242,267,357,268,366,265,370,261,370,252,365,246,332,247,319,246,314,245,239,245,235,246
365,252,365,261,368,264,374,266,456,266,464,264,466,261,465,250,461,247,453,246,425,246,420,245,373,246
