163,65,163,82,164,85,166,85,172,90,204,89,288,90,293,92,303,92,310,90,313,88,315,88,316,84,316,62,310,56,296,54,255,55,251,56,238,57,195,57,191,55,184,55,183,54,173,54,166,60
157,97,157,106,158,111,161,115,166,117,212,119,216,115,217,111,217,95,212,90,207,88,186,88,181,86,168,86,161,90
321,97,320,94,318,90,314,88,297,87,288,89,267,89,264,90,261,95,261,109,263,112,268,115,310,117,315,115,319,111,321,106
220,117,220,136,222,138,295,139,306,138,310,134,310,120,308,116,305,115,280,115,275,113,236,112,225,115
205,120,205,132,207,136,211,138,211,140,219,140,224,138,295,139,306,138,310,134,310,120,308,116,305,115,280,115,275,113,236,112,225,115,223,116,210,115,206,117
238,139,238,153,243,158,260,157,277,160,304,160,310,158,314,153,313,138,308,135,250,134,243,135,239,137
208,140,208,150,210,153,213,155,217,156,220,159,226,159,227,157,238,157,243,152,243,139,235,133,216,131,214,134,211,135
165,158,165,171,166,175,171,177,196,177,204,175,216,177,247,177,252,176,258,171,261,171,261,158,258,158,251,152,188,151,185,153,170,153,166,155
255,159,255,170,261,175,306,176,310,175,312,171,312,158,308,153,277,152,267,155,261,155
306,252,306,260,310,264,332,265,339,262,338,250,333,247,311,247,309,248
334,250,335,262,339,265,366,265,369,264,370,262,370,251,368,249,365,248,338,248
313,287,313,298,316,300,338,300,342,297,342,287,339,285,316,285
20,274,5,274,0,276,0,355,10,355,15,354,15,351,16,350,21,349,23,341,25,338,24,306,26,298,26,283,25,280
307,305,308,315,310,317,313,318,345,318,348,317,350,315,350,305,348,302,345,301,312,300,308,302
299,323,299,330,300,333,303,335,318,335,322,335,325,332,325,322,321,319,305,318,301,319,300,320
323,323,323,332,326,335,353,335,356,331,356,324,353,320,328,319,324,320
160,357,160,367,161,370,164,371,202,371,206,370,206,368,208,367,208,358,203,355,183,355,180,353,165,353,161,355
421,350,416,352,413,355,410,363,408,385,408,418,410,426,410,460,412,466,412,470,418,480,430,480,435,479,437,476,441,467,443,448,443,433,445,427,444,393,445,388,445,374,443,360,440,353,433,350
201,363,201,377,204,381,208,383,247,384,255,381,258,378,258,375,258,364,255,359,251,358,233,360,223,357,205,357,202,358
166,393,166,402,168,405,171,406,195,405,198,402,198,394,198,392,194,390,170,389,167,390
286,396,281,393,273,393,270,389,260,389,258,391,237,391,223,395,220,398,220,405,218,407,216,407,215,412,215,428,216,433,218,435,218,438,216,441,216,456,221,460,235,460,276,460,284,458,286,455,286,440,285,438,285,433,286,430
117,438,117,446,118,450,123,455,125,455,146,456,150,455,157,447,157,438,156,436,153,435,123,435
321,441,321,457,328,460,360,459,363,458,366,455,366,444,365,441,362,440,340,439,326,440
287,444,287,455,288,458,291,460,318,460,324,459,326,457,326,441,321,440,295,440,290,440
194,473,194,485,196,490,191,494,191,507,193,510,197,511,210,511,222,513,243,512,250,510,270,511,273,508,273,495,270,491,266,490,266,482,261,480,241,479,240,471,236,469,203,467,196,468
191,507,193,510,197,511,210,511,222,513,248,511,252,509,253,500,265,499,266,495,266,483,261,480,241,479,240,471,236,469,221,469,218,467,196,468,194,473,194,485,196,490,191,494
238,475,238,483,241,487,268,486,270,484,270,474,267,470,243,470,240,472
323,500,323,514,329,516,360,517,364,515,366,512,366,500,364,497,360,495,332,495,329,495
328,500,323,497,295,498,291,501,291,515,296,518,323,518,328,514
443,515,443,531,447,536,460,537,468,530,468,518,466,515,463,512,445,511
