494,16,490,12,485,11,476,11,468,12,433,12,429,15,429,21,431,24,437,25,460,25,483,26,489,25,493,23
494,16,490,12,485,11,476,11,468,12,433,12,429,15,429,21,431,24,436,25,436,30,440,33,476,33,483,31,484,25,489,25,493,23
563,27,558,23,555,22,535,22,521,23,515,28,493,28,489,32,489,43,493,47,514,47,526,46,526,45,529,43,537,43,560,40,563,38
567,40,564,36,560,35,547,35,544,36,527,36,525,40,517,40,514,41,493,41,486,48,486,55,489,58,492,60,501,61,502,62,512,62,518,61,520,60,527,60,532,58,533,56,560,55,565,53,567,50
489,59,487,62,487,73,489,75,489,92,492,96,493,103,529,103,540,100,558,99,565,96,566,88,568,87,568,74,565,71,569,66,569,55,562,51,551,51,535,51,534,50,521,50,520,52,504,54,500,56,494,56
561,20,520,20,515,21,510,25,489,25,485,28,485,43,482,45,482,58,485,60,485,74,486,76,486,93,490,97,490,104,530,105,541,101,560,100,567,98,568,90,570,88,569,70,570,68,570,36,566,33,566,24
566,34,562,32,544,32,540,33,524,34,521,37,514,37,510,38,490,39,483,45,483,57,485,60,485,73,487,76,487,93,490,96,491,103,530,104,540,100,559,100,566,97,567,89,569,88,569,73,567,71,570,67,570,37
381,102,380,104,380,111,382,113,381,124,383,128,385,130,388,130,390,131,404,130,404,127,407,125,414,125,417,122,418,114,420,111,420,105,417,101,387,100
59,130,60,141,65,145,67,146,103,146,117,145,122,144,126,141,128,138,127,128,125,126,122,125,65,125,63,126
91,156,91,166,98,170,111,171,134,171,139,170,138,156,131,153,119,151,100,151,95,153
134,156,134,170,138,171,150,173,171,173,179,170,180,160,175,156,172,155,162,153,143,152,138,153
89,188,82,186,73,185,72,184,43,186,37,188,37,200,50,203,82,202,89,199
89,188,82,186,73,185,72,184,43,186,40,187,21,186,16,189,15,198,18,201,20,201,40,201,50,203,82,202,89,199
450,365,450,373,453,376,459,379,464,380,492,379,497,377,502,371,502,363,498,359,493,358,467,357,456,360,453,361
