282,8,281,19,283,22,287,25,307,26,328,26,335,23,338,21,340,18,340,11,338,8,334,6,328,4,293,4,288,5
283,40,284,49,286,52,290,53,335,53,344,51,347,48,347,41,342,36,337,35,292,35,286,37
346,94,346,107,352,111,356,112,379,112,386,110,392,110,395,109,398,109,405,104,405,96,400,92,394,90,357,89,354,90
426,96,426,107,431,113,434,114,470,112,475,111,479,108,481,105,481,99,480,96,473,92,469,91,450,91,446,92,434,92,430,93
349,117,349,128,350,130,356,133,379,133,393,132,403,129,403,115,397,113,358,111,355,111
395,115,395,129,405,135,419,135,423,135,431,131,431,118,425,114,405,113
426,118,426,122,425,123,425,131,427,132,431,135,435,136,468,136,475,134,480,128,480,121,478,117,475,115,470,114,436,114,432,115,428,118
230,127,230,133,235,137,241,138,263,138,271,136,271,125,264,122,237,122,233,123
347,140,347,150,353,154,394,154,402,152,402,138,398,135,383,134,357,134,351,136
395,139,395,151,396,151,400,154,405,155,426,155,432,153,435,153,436,143,435,143,435,138,433,137,425,135,410,134,401,135,396,139
430,139,429,153,437,155,453,156,469,155,473,154,477,152,478,143,476,140,474,138,463,136,437,136
568,354,559,346,555,346,517,346,510,349,505,349,496,346,473,346,464,348,459,351,459,364,463,367,475,370,510,370,518,371,553,370,561,368,567,365
