485,11,480,15,476,22,476,35,477,39,481,44,480,58,482,60,488,63,500,65,548,65,553,63,558,60,558,57,560,56,560,51,565,42,565,29,564,26,559,22,550,20,540,19,535,17,530,11,520,7,495,6
225,40,221,49,220,69,223,73,229,78,232,79,244,87,262,87,264,88,283,88,289,87,292,87,293,88,310,88,316,87,325,83,333,82,335,80,341,78,341,72,345,71,346,68,346,51,343,44,335,38,328,36,327,35,319,34,316,32,312,32,309,31,292,31,275,28,246,29,245,30,242,30,229,39
88,61,86,64,86,73,90,77,100,80,116,80,124,78,126,73,126,64,122,60,119,59,107,58,95,58
136,81,131,78,125,77,116,77,110,78,107,81,98,82,92,85,88,85,85,86,79,91,79,101,82,103,83,106,102,106,105,106,110,102,114,102,119,100,136,97,139,93,139,85
267,80,267,82,261,85,256,86,251,91,251,112,253,113,253,118,255,118,255,121,292,121,292,115,294,114,297,114,298,112,300,112,300,109,302,108,302,104,305,102,307,102,307,96,293,86,291,83,285,83,282,81,279,80
391,125,388,122,372,121,363,113,351,110,319,110,319,111,316,112,315,115,300,115,299,112,280,112,270,111,246,111,244,112,237,112,234,113,227,114,220,117,216,117,215,119,208,121,204,123,205,154,207,154,207,157,216,158,216,168,219,170,235,170,254,175,296,175,312,174,318,171,323,171,327,172,356,172,366,169,368,167,375,164,380,158,386,156,392,151
201,121,201,134,195,135,195,154,201,154,202,155,205,156,205,163,210,165,210,167,212,170,214,170,216,171,232,172,251,177,299,177,315,175,320,172,325,174,359,174,369,170,370,169,378,165,382,160,389,157,395,153,395,126,393,122,388,120,375,120,365,112,356,108,349,107,335,107,334,99,331,96,327,93,317,91,314,89,309,85,302,81,300,78,294,77,291,75,288,75,259,75,259,76,253,80,248,80,243,85,243,109,241,110,235,110,231,112,225,112,217,116,214,116,212,117,205,119
112,141,113,149,120,150,142,151,148,150,150,148,150,141,147,138,142,137,118,137
85,142,85,149,87,149,87,152,108,152,112,152,120,149,119,141,105,139,93,139
85,155,84,165,85,167,88,168,115,168,119,166,119,162,121,160,121,155,120,154,114,151,96,151,90,152
532,154,527,157,526,159,526,167,532,175,535,176,541,177,554,176,557,174,557,169,560,165,560,158,557,156,549,153,536,153
377,201,373,199,372,196,369,196,365,192,357,191,351,189,306,189,290,190,264,190,261,191,247,191,232,195,228,197,228,202,225,202,225,205,224,205,224,209,216,209,216,223,219,224,219,232,221,232,221,246,227,246,230,247,230,248,238,249,241,250,271,251,285,250,287,249,296,248,309,248,317,246,328,246,330,245,352,245,357,244,359,242,365,240,368,240,375,234,378,230,379,214
466,279,460,275,452,274,432,273,410,275,401,281,400,295,405,300,412,303,432,303,446,301,450,299,460,296,467,293,468,281
260,285,258,283,252,282,220,282,209,284,205,288,205,296,208,298,214,300,232,300,254,298,259,295,260,293
309,310,305,307,301,306,280,306,275,310,238,310,230,311,225,314,220,317,220,331,227,335,239,336,269,336,281,335,290,332,292,330,300,329,307,325,310,321
