432,10,432,22,433,24,437,25,465,26,473,25,478,23,479,8,475,6,462,4,442,5,437,8,435,8
487,27,476,27,475,23,455,22,451,24,450,26,443,23,429,24,429,27,424,27,420,34,420,55,423,56,439,59,462,59,486,55,489,53
216,13,215,20,213,22,208,22,208,25,206,26,205,50,207,52,198,58,198,62,196,62,195,67,195,78,197,78,199,80,200,85,201,87,219,88,220,90,224,90,224,93,238,93,241,90,251,85,260,85,265,83,265,62,264,59,261,58,260,55,257,55,256,36,255,33,255,22,253,17,250,14,244,12
320,67,320,71,318,73,318,82,322,85,340,87,364,87,370,83,370,72,367,72,365,71,355,71,354,64,326,64
200,77,195,83,195,99,199,105,199,118,202,119,200,120,199,122,196,122,195,127,194,151,195,152,195,155,194,157,194,171,195,173,199,174,207,180,207,183,209,183,210,187,211,188,211,192,213,196,221,202,250,202,254,201,258,196,265,195,266,192,269,191,269,175,266,173,264,167,260,164,260,160,256,159,262,155,265,155,265,152,269,149,269,127,262,126,260,109,256,103,256,91,254,91,253,88,248,87,245,84,242,84,238,82,231,82,226,80,225,77
330,224,330,232,333,235,336,236,354,236,361,233,361,222,358,218,355,217,339,217,335,220
495,255,495,276,496,277,498,282,502,283,505,288,508,288,512,295,537,296,548,295,553,293,563,292,565,291,575,291,575,273,576,268,576,256,573,250,573,241,570,238,569,233,564,232,563,230,556,227,550,222,535,222,525,226,515,233,515,236,509,240,509,248,507,248,507,251,498,252,498,254
145,279,145,288,148,291,183,294,191,292,194,288,193,279,186,276,160,275,150,276
378,334,376,330,374,329,365,328,358,324,348,324,345,326,332,327,328,329,323,330,317,335,317,343,318,345,324,351,328,351,331,352,357,353,360,351,370,349,376,346,378,342
146,387,146,397,148,400,150,402,150,407,153,410,162,413,195,413,202,410,203,400,211,400,219,394,218,383,213,379,210,379,175,377,169,379,158,379,152,381,147,385
505,393,505,408,507,412,512,415,540,415,545,413,550,408,550,394,548,391,540,386,515,386,510,388
559,391,556,397,556,407,561,414,569,417,583,417,590,415,595,411,595,397,589,389,584,388,570,388,560,390
160,407,160,423,164,425,185,428,197,428,205,424,205,413,194,407
275,406,275,409,267,409,266,412,258,412,256,413,256,417,252,425,252,452,255,454,251,455,251,456,249,457,249,466,241,470,241,475,239,479,239,484,236,488,236,490,232,491,232,508,240,508,241,512,255,512,255,530,257,531,270,532,282,535,313,535,318,531,318,530,321,527,321,521,323,521,324,509,329,503,334,500,334,462,330,457,330,447,325,441,324,419,318,415,318,413,316,413,313,410,295,410,295,406
375,479,375,487,380,490,399,489,404,490,420,490,422,489,422,481,417,478,402,478,391,476,379,476
280,391,280,396,274,397,274,400,271,401,270,408,267,409,266,412,258,412,256,413,256,417,252,425,252,452,255,454,251,455,251,456,249,457,249,466,241,470,239,479,239,484,236,488,236,490,232,491,232,508,240,508,241,512,251,512,253,530,256,530,257,531,270,532,282,535,313,535,318,531,318,530,321,527,321,521,323,521,324,509,329,503,334,500,334,462,330,457,330,447,325,441,324,419,318,415,318,413,316,413,313,410,307,409,307,394,304,391
