572,68,570,71,570,78,575,83,580,85,594,85,603,83,605,80,605,67,600,63,580,63
435,123,435,135,436,139,440,141,455,145,473,145,480,143,487,138,488,126,486,123,478,118,470,117,445,117,441,118
248,146,242,145,241,142,215,143,211,148,211,154,215,156,246,156,248,153
255,155,253,153,246,151,215,152,212,154,212,161,219,163,252,163,255,161
374,156,370,163,370,178,372,181,385,184,406,185,415,184,425,180,425,171,419,166,419,160,413,156,400,155,395,153,385,153,382,156
639,197,633,197,632,199,621,199,621,201,618,204,617,218,620,221,622,221,624,223,639,223
0,230,0,253,1,255,6,255,13,258,30,258,39,256,46,250,46,235,39,229,32,228,10,227,3,228
164,251,164,263,166,266,181,271,211,272,220,268,224,264,224,251,219,246,210,243,176,243,170,245
531,275,531,287,533,292,536,295,553,295,554,296,561,296,562,298,591,298,593,296,600,296,625,296,629,296,632,294,632,283,630,275,628,271,625,270,610,270,575,268,542,268,538,269
528,286,528,308,530,308,530,310,527,311,527,328,525,329,523,329,520,331,520,339,516,341,515,351,516,389,520,396,520,421,523,423,530,423,533,425,549,425,552,426,569,428,570,429,615,429,616,428,619,428,620,426,626,426,632,421,632,393,630,391,630,388,632,385,632,378,634,376,635,331,631,329,630,323,633,322,635,320,635,316,636,315,636,292,630,290,623,290,607,288,601,286,597,286,596,284,548,283,547,285,538,285,537,286
528,286,528,308,530,308,530,310,527,311,527,328,525,329,523,329,520,331,520,339,516,341,515,351,516,389,520,396,520,419,525,419,526,423,530,423,533,425,549,425,552,426,569,428,570,429,615,429,616,428,619,428,620,426,626,426,632,421,632,393,630,391,630,388,632,385,632,378,634,376,635,331,631,329,630,323,633,322,635,320,635,316,636,315,636,292,630,290,623,290,607,288,601,286,597,286,596,284,548,283,547,285,538,285,537,286
528,286,528,308,530,308,530,310,527,311,527,328,525,329,523,329,520,331,520,339,516,341,515,351,516,389,520,396,520,419,525,419,526,423,530,423,533,425,549,425,552,426,569,428,570,429,615,429,616,428,619,428,620,426,626,426,632,421,632,393,630,391,630,388,632,385,632,378,634,376,635,331,631,329,623,329,622,327,629,325,635,320,635,316,636,315,636,292,630,290,623,290,607,288,601,286,597,286,596,284,548,283,547,285,538,285,537,286
528,286,528,307,530,308,530,310,527,311,527,328,520,330,520,339,516,341,516,388,520,395,520,418,525,418,526,423,530,423,533,425,549,425,552,426,569,427,570,428,615,428,615,427,618,427,620,426,625,425,631,421,631,393,626,391,626,388,631,385,631,377,633,376,634,331,630,329,622,329,621,326,628,325,634,319,634,315,635,315,635,292,630,290,622,290,606,288,600,286,596,286,595,284,548,283,547,285,538,285,537,286
528,286,528,308,530,308,530,310,527,311,527,328,520,330,520,339,516,341,516,389,520,396,520,419,525,419,526,423,530,423,533,425,549,425,552,426,569,428,570,429,615,429,616,428,619,428,620,426,626,426,632,421,632,393,630,391,630,388,632,385,632,378,634,376,635,331,631,329,623,329,622,327,629,325,635,320,635,316,636,315,636,292,630,290,623,290,607,288,601,286,597,286,596,284,548,283,547,285,538,285,537,286
75,368,64,368,60,370,48,377,45,382,45,395,48,398,49,403,47,410,48,421,53,426,65,425,67,420,70,416,71,400,73,400,75,395,80,395,83,392,85,388,85,378,78,369
