259,73,252,68,248,66,228,66,205,70,176,71,165,74,145,76,138,81,135,82,135,92,138,93,139,108,152,108,154,106,197,107,201,105,227,106,230,105,230,106,235,107,248,107,249,105,250,103,253,103,255,101,260,98,260,95,261,79
230,107,231,121,238,121,246,123,267,124,275,122,281,116,280,106,278,104,272,102,237,100,233,102,232,106
169,113,169,121,172,126,172,129,204,131,231,131,238,127,240,123,241,121,241,114,239,112,239,106,232,104,215,101,181,101,173,106,170,113
182,121,181,120,179,118,179,114,151,115,145,118,126,116,107,116,100,120,96,125,96,134,100,138,105,140,141,141,149,139,154,135,170,135,178,133,182,129
96,125,96,134,100,138,105,140,141,141,149,139,155,134,155,126,152,125,152,120,148,120,145,118,126,116,107,116,100,120
310,141,307,138,299,136,262,133,239,133,234,134,221,135,215,136,209,141,180,141,167,140,164,139,145,139,138,141,131,147,131,160,133,161,134,163,134,173,156,176,205,176,217,175,228,170,240,170,242,168,273,169,287,166,300,166,308,161,310,158
311,140,310,138,306,136,292,133,282,133,264,131,237,131,217,134,207,140,182,140,169,139,165,138,143,138,136,140,130,146,115,146,108,147,78,146,73,148,67,154,66,173,68,177,76,181,98,183,123,183,130,181,140,181,147,177,207,177,219,176,230,171,241,171,244,170,275,170,289,168,302,167,310,162,311,160
90,217,90,234,94,236,98,238,111,239,195,241,200,240,210,239,216,238,220,236,250,235,255,232,258,228,258,213,255,210,250,209,182,210,175,212,161,210,135,210,129,209,112,209,97,211,90,214
480,280,478,282,477,285,477,297,479,301,476,305,476,330,480,335,486,338,495,338,500,339,519,339,525,337,535,331,537,327,538,314,536,310,543,306,545,303,545,293,543,290,535,284,519,280,505,278,484,278
481,297,481,300,477,305,477,329,484,335,487,336,496,336,500,338,517,338,524,336,533,330,536,323,536,315,535,311,528,303,516,302,515,300,507,300,505,298,498,298,495,297
60,314,59,318,60,330,62,333,74,334,89,334,97,330,99,327,99,316,93,311,67,310
