201,96,200,90,197,85,191,85,187,83,113,83,109,85,107,89,106,108,108,113,111,117,116,121,152,122,155,121,161,121,165,119,194,119,199,117,201,113
198,99,198,111,199,114,203,119,208,121,241,120,246,118,249,113,249,101,243,94,206,93,200,95
126,125,126,141,130,146,136,149,145,149,151,147,158,149,171,149,179,145,179,134,180,134,180,125,174,120,165,119,149,119,146,118,133,118,129,121
234,132,229,124,224,121,181,123,177,124,176,125,174,125,174,145,176,146,180,150,189,152,205,153,226,152,230,149,233,145
115,156,115,169,118,175,121,177,127,178,152,179,156,178,162,175,163,173,164,173,164,171,165,170,165,159,161,154,154,151,122,150,116,153
242,161,240,156,238,152,229,150,218,151,215,149,208,149,206,151,196,150,189,152,166,151,160,158,160,171,161,177,165,180,172,182,236,183,239,181,242,176
137,191,137,203,140,208,145,212,161,212,166,209,168,207,169,202,169,192,166,186,162,184,143,184,139,188
222,194,221,191,217,186,213,184,207,184,202,186,191,185,176,185,171,188,169,193,169,203,170,206,174,211,177,213,202,213,207,215,214,215,217,214,219,211,221,208,222,203
122,255,122,264,124,269,125,271,130,274,158,274,163,270,166,265,166,254,164,248,162,246,130,246,126,248,124,251
169,257,169,266,170,270,172,274,178,276,220,275,224,274,227,268,227,257,225,251,223,250,216,248,177,248,172,250
168,317,168,326,174,332,176,333,191,334,201,333,224,333,226,332,230,332,234,324,234,312,233,310,230,308,224,306,211,306,208,305,198,305,195,304,181,304,175,306,169,311,169,317
104,313,104,326,108,331,114,333,165,333,169,332,173,326,173,311,168,305,131,305,124,304,112,304,106,306,104,309
