249,193,249,205,251,207,323,207,340,206,345,203,345,193,343,190,274,189,269,190,253,190
249,205,249,217,250,219,295,219,302,216,302,206,300,204,274,203,250,204
249,220,249,229,251,232,274,232,288,230,290,228,290,220,286,217,252,217,250,218
248,232,248,243,249,246,270,247,271,245,288,244,291,241,291,233,289,230,250,230
235,246,235,261,236,265,240,269,253,269,270,266,320,266,326,263,327,260,327,247,322,243,310,243,303,241,275,241,271,240,247,239,239,240,236,243
248,265,248,275,250,278,281,278,286,277,289,275,289,265,286,264,268,263,249,264
322,277,322,288,324,290,351,292,356,290,361,292,371,292,377,290,382,285,382,275,377,271,358,271,355,273,349,270,337,270,329,273,325,273
353,274,353,290,362,292,371,292,377,290,382,285,382,275,379,273,358,272
248,279,248,288,250,290,285,290,289,288,289,280,287,277,251,276
310,290,306,288,250,289,248,290,248,301,252,305,306,303,310,300
320,305,319,302,315,300,251,302,248,305,248,315,249,316,252,318,296,317,310,319,318,316,320,315
