16,25,13,27,13,38,18,40,28,40,31,39,35,36,35,29,33,27,29,25
20,80,20,88,22,90,30,92,50,91,55,93,60,93,79,93,85,92,90,88,90,82,86,78,78,77,55,77,49,75,30,75,23,77
50,78,49,90,55,93,79,93,85,92,90,88,90,82,86,78,78,77,55,77
630,159,625,161,624,164,624,170,629,174,639,174,639,159
563,166,564,175,568,178,571,178,583,181,605,181,611,179,621,172,621,164,617,160,587,160,581,161,568,162
500,176,496,179,496,185,504,185,504,188,505,189,505,200,509,205,512,206,538,206,546,201,546,185,550,182,550,174,533,172,510,172
506,177,498,177,495,181,480,182,469,187,468,196,470,200,475,203,490,204,493,202,503,202,511,200,511,194,514,194,514,187,512,182,510,182,506,181
467,187,468,200,474,204,492,205,495,204,505,203,508,205,511,206,539,206,547,201,548,200,547,185,551,183,551,174,546,172,534,171,509,171,499,175,494,181,480,182,476,184,472,184
336,193,336,201,341,204,366,204,370,202,374,200,374,194,372,191,370,190,359,189,341,190
227,199,227,205,229,207,236,210,280,209,287,207,290,205,290,198,284,195,235,195,232,195
407,259,408,267,415,269,451,270,458,269,460,266,460,260,456,255,437,254,413,254,408,257
8,406,9,422,14,425,19,426,254,426,257,424,259,422,259,407,255,403,249,401,93,401,85,400,52,400,16,401,11,403
