357,84,343,81,311,82,300,88,299,88,297,90,297,91,292,96,288,96,286,98,283,100,282,102,280,102,279,106,277,106,277,108,275,110,275,115,273,116,273,118,271,118,270,123,267,126,264,126,262,128,261,133,260,134,258,146,256,146,253,156,250,157,250,180,253,181,253,204,256,204,260,206,260,211,261,211,262,212,279,215,314,215,315,213,324,213,325,211,333,211,337,210,337,200,339,198,344,198,344,191,349,190,349,188,351,186,352,179,355,178,355,176,359,171,360,164,361,162,361,156,366,155,378,149,380,144,385,137,385,132,386,130,386,111,382,103,378,99,366,96,364,88
357,84,343,81,311,82,300,88,299,88,297,90,297,91,292,96,288,96,286,98,283,100,282,102,280,102,279,106,277,106,277,108,275,110,275,115,273,116,273,118,271,118,270,123,267,126,264,126,262,128,261,133,260,134,258,146,256,146,253,156,250,157,250,180,255,181,255,195,257,195,257,205,260,206,260,211,261,211,262,212,279,215,314,215,315,213,324,213,325,211,333,211,337,210,337,200,339,198,344,198,344,191,349,190,349,188,351,186,352,179,355,178,355,176,359,171,360,164,361,162,361,156,366,155,378,149,380,144,385,137,385,132,386,130,386,111,382,103,378,99,366,96,364,88
357,83,343,81,310,81,300,88,298,88,296,89,296,91,291,95,287,96,285,98,282,99,281,101,279,101,278,105,276,106,276,108,275,109,274,114,272,115,272,117,270,118,270,122,266,126,263,126,261,128,260,133,259,133,257,145,255,146,252,156,250,156,249,193,250,193,252,195,252,204,255,204,259,206,259,211,260,211,261,212,278,215,314,215,315,213,324,213,325,211,333,211,337,210,339,207,347,204,349,201,349,188,351,186,352,179,355,178,355,176,359,171,360,164,361,162,361,156,366,155,378,149,380,144,385,137,385,132,386,130,386,110,382,102,378,98,366,96,364,87
389,178,389,185,385,186,383,188,380,188,373,194,373,203,375,204,375,206,377,207,377,210,385,215,388,215,393,217,403,217,411,215,415,213,417,211,419,205,419,193,415,192,412,189,412,185,407,185,406,182,403,181,403,178
68,197,55,203,50,206,47,208,42,213,37,223,37,225,32,230,30,243,30,271,39,285,51,298,52,303,55,309,61,313,62,315,67,320,70,325,74,328,77,329,82,329,85,331,86,331,90,335,99,337,125,336,130,335,133,331,134,328,139,323,140,319,140,313,143,311,143,303,145,295,145,274,145,271,143,270,143,265,137,255,135,249,130,243,130,240,126,236,121,225,116,221,114,220,112,216,107,212,107,210,102,205,97,198
226,210,217,205,216,203,206,203,205,206,183,207,180,210,175,211,170,215,169,218,169,228,172,233,180,240,195,241,209,241,210,239,220,238,228,233,228,230,230,225,230,216
360,225,360,233,363,238,430,237,432,233,431,222,430,221,421,219,379,218,365,220,361,222
359,224,360,233,358,235,358,245,364,248,415,250,428,249,433,245,433,235,431,233,432,223,430,220,425,219,378,217,365,219,360,221
569,298,565,303,565,312,569,320,573,323,580,324,586,327,609,328,620,327,626,323,629,317,629,306,625,300,617,295,606,291,587,291,580,293,575,294
206,316,205,329,196,330,196,331,194,331,194,337,189,338,188,352,190,353,190,355,192,356,190,364,190,377,193,382,197,385,204,388,220,388,225,388,233,383,239,375,239,371,242,366,245,352,247,350,247,325,245,321,238,318,220,318,218,316
605,370,599,366,592,366,568,366,556,368,526,368,520,375,520,390,525,393,525,406,531,409,550,410,559,408,574,408,586,406,595,406,600,405,605,403,610,398,610,385,607,381,607,374
304,391,298,397,297,402,291,405,289,410,289,421,290,425,296,428,298,430,313,435,329,443,345,443,349,441,352,439,354,431,360,428,364,422,364,408,362,405,352,398,344,396,342,395,336,393,320,391
