457,0,457,9,459,10,459,12,460,13,463,17,470,20,484,21,488,22,505,21,515,18,515,16,518,16,518,15,521,12,523,12,523,11,525,10,525,0
586,32,580,27,577,26,544,26,529,28,525,30,520,29,480,28,470,31,464,37,464,51,467,56,476,60,515,60,522,60,528,58,532,60,540,61,566,61,579,57,583,55,588,48,588,38
262,64,262,84,264,88,274,93,289,96,307,97,315,98,355,98,359,97,379,96,385,94,390,91,395,83,395,60,387,54,380,51,360,50,289,50,285,51,280,51,270,54,266,57
639,58,630,57,585,57,577,61,570,62,570,70,575,70,573,71,573,85,577,85,585,89,594,89,600,91,626,92,638,90
530,66,528,68,528,75,530,75,531,87,537,87,541,89,547,90,563,91,571,90,578,85,582,85,581,63,576,62,573,61,565,59,550,59,540,61
465,71,465,85,469,89,474,92,504,94,527,94,531,93,540,87,540,76,538,74,538,72,536,71,536,68,520,65,477,65,470,67
517,117,517,126,520,127,520,137,526,137,533,139,546,140,566,140,574,139,585,135,589,130,588,116,585,114,576,110,555,109,530,109,527,110
459,120,460,134,461,137,470,141,492,143,516,143,520,142,531,136,531,129,530,125,528,124,528,117,522,117,515,115,505,114,500,113,473,113,465,115
82,124,76,127,74,133,75,168,72,173,72,180,74,185,74,200,76,205,80,206,80,207,90,207,97,197,97,184,99,181,98,163,99,152,100,147,100,130,98,127,95,124
131,129,123,133,122,136,125,182,127,184,145,185,145,183,150,180,151,162,150,162,148,156,150,152,150,135,147,132,142,129
631,140,621,143,619,147,610,151,610,157,612,159,615,159,616,162,615,173,620,173,627,176,639,176,639,140
627,161,623,160,623,149,605,144,555,144,539,146,520,146,516,147,500,145,481,145,464,147,455,151,452,157,452,170,455,174,462,178,469,180,504,180,517,178,520,180,534,181,557,181,570,182,612,181,616,180,621,179,625,176,627,176
37,163,35,165,32,165,32,167,28,172,28,208,26,217,25,219,25,245,23,252,24,281,25,282,25,285,31,286,44,286,47,285,51,282,54,281,54,266,52,265,54,263,53,238,55,222,55,205,57,194,57,172,55,167,50,163
345,180,336,183,334,186,332,191,322,197,322,220,325,222,329,231,335,236,340,238,356,239,366,236,373,230,375,225,379,222,380,220,381,208,377,207,378,196,376,186,375,184,370,181,363,180
387,187,381,189,375,194,374,197,374,210,377,211,379,216,381,218,397,219,401,216,405,212,405,210,408,206,407,195,405,191,402,188
459,220,460,232,465,239,469,241,488,240,497,242,577,241,585,240,591,236,594,236,594,216,587,215,580,212,561,211,490,211,486,210,470,210,464,213
594,210,588,213,585,217,585,234,593,241,596,242,605,242,611,239,615,233,617,231,617,220,608,210
300,245,300,251,304,253,313,254,335,254,370,256,382,256,389,255,393,251,392,241,388,239,373,237,339,237,331,236,303,236,302,244
530,250,529,272,544,278,562,278,570,275,581,278,597,278,603,276,610,271,614,266,614,255,612,253,602,246,596,245,585,245,572,246,566,244,545,244,537,246
460,254,460,266,461,268,462,270,470,274,478,275,523,275,533,273,540,272,540,250,535,250,527,246,506,245,475,245,470,246,466,248
615,254,614,251,607,246,598,243,582,243,576,244,574,245,568,242,543,242,533,246,525,244,473,244,467,245,464,246,457,253,457,268,459,269,460,271,462,273,468,275,475,276,525,276,528,275,532,275,541,279,564,279,570,278,579,279,595,279,605,277,611,273,615,267
166,361,160,363,158,368,157,392,155,396,155,410,154,414,151,415,152,427,198,427,199,414,198,409,196,407,197,399,195,391,195,387,197,381,196,369,190,363,185,361
