189,93,189,103,193,105,200,106,240,106,246,104,250,100,249,92,245,90,240,89,199,89,194,90
190,133,190,137,192,139,195,140,235,140,237,139,239,138,239,132,235,130,196,130,192,131
202,140,201,147,203,148,208,149,219,149,224,147,225,142,222,140,218,139,205,139
350,148,350,156,355,158,358,159,398,159,404,158,407,157,409,154,409,149,407,146,405,144,400,143,359,143,355,145
313,148,313,155,315,157,321,160,335,160,335,159,339,159,348,156,349,149,346,146,340,143,321,142,317,144
186,149,186,156,188,157,191,158,235,158,240,157,243,155,242,149,237,147,190,147
354,172,354,180,355,182,360,184,398,184,404,182,406,179,405,172,403,170,398,169,365,168,359,169,355,171
245,182,243,185,243,194,245,194,245,197,254,203,269,206,288,206,300,202,300,199,305,196,305,185,301,180,296,178,285,174,263,174,250,179
185,204,185,214,192,217,235,218,241,217,245,212,245,204,240,202,235,201,191,200,187,202
353,255,350,252,345,250,275,250,270,251,266,255,266,264,270,267,278,268,345,267,349,266,352,263
243,287,238,284,235,284,224,284,215,285,190,285,186,286,183,289,183,298,188,301,195,302,235,302,242,299,244,297
416,301,416,309,418,311,423,314,428,314,495,314,500,313,506,313,509,312,511,308,513,307,513,298,510,296,504,294,458,294,428,295,422,296,419,298
494,313,482,321,482,330,486,334,491,336,510,336,517,333,521,329,520,321,516,319,511,313
419,323,419,332,422,335,427,336,474,336,480,334,486,331,486,324,483,321,475,318,427,318,422,320
453,341,448,345,448,354,453,359,496,359,497,357,500,355,500,345,497,341,495,339,483,339,478,340,471,339,459,339
