176,44,174,47,174,55,175,59,178,60,184,61,205,61,205,63,214,63,214,57,215,55,217,55,218,54,218,48,212,43,205,42,184,42
208,47,207,54,205,55,205,61,210,68,214,70,252,69,252,63,255,62,258,62,258,56,255,56,249,50,245,49,219,49,216,47
63,57,64,65,66,66,71,67,102,67,110,68,122,68,129,67,130,66,130,55,125,53,122,52,76,52,68,53
130,56,130,60,128,61,128,67,136,72,170,72,175,70,177,67,177,60,175,58,172,55,138,55
242,62,243,72,250,80,267,81,268,86,275,87,290,87,292,89,310,89,340,89,348,86,354,81,354,70,350,66,345,64,339,64,335,61,330,60,327,59,311,59,310,60,306,60,303,59,285,58,267,55,248,55,247,62
174,98,173,106,180,112,181,116,186,117,187,121,210,121,215,118,217,118,219,116,219,111,223,107,223,100,218,97,215,96,181,96,176,97
186,137,186,148,188,152,190,153,195,154,212,154,219,153,220,150,220,141,219,137,211,135,191,135
181,178,181,185,185,187,189,188,209,188,211,187,215,184,215,179,214,177,210,175,188,174,184,175
526,182,523,185,523,192,526,198,527,206,530,207,550,207,553,205,553,199,555,199,556,194,559,192,558,182,551,180,535,180
273,188,273,199,281,204,286,205,301,205,310,202,313,199,312,188,304,184,287,184,277,186
527,199,527,205,530,207,550,207,553,205,553,196,530,196
528,205,528,212,531,214,549,215,554,212,554,206,550,204,530,204
577,244,577,250,580,252,597,253,603,250,603,243,601,242,582,242
53,247,52,254,55,256,72,257,78,256,80,254,80,248,78,247,75,245,61,245
39,261,39,270,45,273,51,273,55,274,75,274,82,272,82,267,85,266,85,261,82,261,78,258,72,257,48,257
582,275,577,279,579,293,581,294,601,293,604,292,604,279,600,275
