361,18,346,15,330,15,328,16,316,18,314,24,310,27,305,29,304,33,295,35,282,41,280,45,272,45,264,53,251,56,248,63,240,73,231,73,224,75,220,78,212,80,210,83,199,87,195,87,190,92,182,95,174,102,169,102,168,106,164,112,164,132,166,142,166,149,173,149,174,151,195,151,197,149,202,149,204,147,208,147,210,145,215,145,217,141,220,140,221,136,226,136,227,130,245,129,247,126,260,126,260,125,264,123,264,120,266,120,266,113,270,112,275,108,280,106,280,103,290,97,296,90,298,87,303,84,306,77,310,77,313,75,315,70,323,69,329,66,335,60,344,60,345,58,355,55,355,52,358,50,358,44,361,35
420,119,416,117,416,115,415,114,415,110,413,108,405,108,400,105,369,105,360,108,349,109,345,111,328,111,320,113,320,98,317,97,317,90,287,90,280,93,270,94,264,98,248,98,247,100,240,101,239,106,223,106,222,109,213,110,213,111,210,112,209,114,204,114,204,118,200,119,200,122,187,123,186,125,181,125,180,127,177,127,177,129,174,131,170,131,170,133,165,134,165,136,161,136,156,139,135,156,135,159,134,160,134,191,135,196,139,199,140,202,136,205,131,205,127,207,118,219,112,222,111,225,109,228,109,264,111,276,114,281,116,284,124,285,125,286,170,286,178,283,190,281,209,275,219,265,227,264,231,257,231,255,246,242,248,237,261,237,270,233,280,233,288,228,295,228,301,225,309,225,315,222,336,217,337,215,347,213,348,211,355,211,362,209,365,205,368,205,372,202,388,200,397,192,403,191,404,187,409,187,410,185,413,184,414,179,416,178,417,175,419,175,419,172,423,171,423,141,421,138
420,119,416,117,416,115,415,114,415,110,413,108,405,108,400,105,369,105,360,108,349,109,345,111,328,111,320,113,320,98,315,96,315,91,284,91,280,93,270,94,264,98,248,98,247,100,240,101,239,106,223,106,222,109,213,110,213,111,210,112,209,114,204,114,204,118,200,119,200,122,187,123,186,125,181,125,180,127,177,127,177,129,174,131,170,131,170,133,165,134,165,136,161,136,156,139,135,156,135,159,134,160,134,191,135,196,139,199,140,202,136,205,131,205,127,207,118,219,112,222,111,225,109,228,109,264,111,276,114,281,116,284,124,285,125,286,170,286,178,283,190,281,209,275,219,265,227,264,231,257,231,255,246,242,248,237,261,237,270,233,280,233,288,228,295,228,301,225,309,225,315,222,336,217,337,215,347,213,348,211,355,211,362,209,365,205,368,205,372,202,388,200,397,192,403,191,404,187,409,187,410,185,413,184,414,179,416,178,417,175,419,175,419,172,423,171,423,141,421,138
336,249,330,240,325,238,299,238,278,242,250,241,243,243,238,246,228,258,228,287,231,290,231,294,233,295,241,295,242,297,262,296,266,294,280,292,284,290,308,288,310,285,326,283,333,277,337,267
245,281,240,273,237,273,235,270,230,268,209,268,205,270,197,271,186,276,181,276,171,280,149,280,137,285,129,285,122,289,119,293,116,293,111,296,111,310,119,311,120,313,120,315,125,316,126,335,130,337,140,340,156,340,162,336,172,335,180,332,185,328,191,325,221,325,228,322,239,311,241,305,241,300,245,299
355,368,349,360,342,358,342,340,336,335,308,334,306,332,299,330,270,330,262,332,246,332,229,335,226,336,220,336,218,338,209,339,205,340,180,341,170,354,164,357,162,362,162,386,163,390,165,390,166,394,169,395,170,408,178,408,179,410,193,410,195,413,200,415,200,418,204,420,205,422,210,423,210,434,211,434,212,435,242,435,256,430,279,430,284,428,308,427,311,425,333,424,338,422,346,414,350,413,355,404
170,375,136,374,122,375,120,376,108,377,107,379,85,380,75,384,69,389,63,397,61,405,61,417,55,425,51,435,49,449,49,467,51,471,54,473,63,475,90,475,92,473,100,472,103,470,110,470,119,465,130,465,137,463,149,462,160,450,161,450,162,442,165,437,166,436,168,431,170,430,170,420,173,419,173,384
165,396,163,398,162,405,160,405,159,413,157,414,156,417,156,429,158,430,159,437,162,440,172,443,196,443,205,440,215,430,217,421,222,420,222,406,218,406,217,404,215,402,215,400,211,399,209,394,196,394,188,395,187,390,176,390,176,392,173,395
184,366,165,366,163,369,159,369,156,373,121,374,119,375,107,376,106,378,85,379,72,385,68,388,62,396,60,405,60,416,55,424,50,434,48,448,48,467,50,471,53,473,62,475,90,475,92,473,100,472,103,470,110,470,119,465,130,465,137,463,149,462,160,450,161,450,162,442,165,437,166,436,168,431,170,430,170,420,173,419,173,407,186,406,186,404,189,403,189,379,186,376,186,371,184,370
359,365,352,357,345,355,345,335,340,331,335,330,311,330,310,329,302,327,266,327,259,329,243,329,237,330,230,330,223,333,216,333,215,335,205,335,202,337,176,338,167,350,160,354,158,362,153,363,150,367,115,368,113,370,101,370,100,372,79,373,69,377,62,382,56,390,55,399,55,410,49,418,45,428,42,442,42,473,47,479,56,480,95,480,98,479,106,478,109,475,116,475,125,471,136,471,143,469,155,468,165,455,167,455,168,448,170,443,172,442,174,437,175,436,175,425,179,425,180,414,190,414,191,416,196,419,196,421,200,423,202,425,205,425,206,437,208,437,209,439,245,439,260,434,282,434,287,431,311,430,315,429,336,427,341,425,350,417,353,416,359,407
184,366,165,366,163,369,159,369,156,373,121,374,119,375,107,376,106,378,85,379,72,385,68,388,62,396,60,405,60,416,55,424,50,434,48,448,48,467,50,471,53,473,62,475,90,475,92,473,100,472,103,470,110,470,119,465,130,465,137,463,149,462,160,450,161,450,162,442,165,437,166,436,168,431,170,430,170,420,173,419,173,407,186,406,186,404,189,403,189,379,187,371,184,370
