259,8,259,16,261,19,266,21,297,22,302,20,305,18,305,8,302,5,300,4,269,3,262,5,260,6
171,11,172,23,177,23,180,24,199,24,205,22,206,20,206,12,201,10,190,8,179,8,176,9
121,13,121,26,149,28,171,28,179,23,178,11,173,11,172,10,130,9
130,20,127,15,126,12,121,11,83,10,78,12,76,14,63,14,57,17,27,17,24,18,23,20,23,30,26,33,33,35,60,35,65,33,78,33,80,32,89,32,96,33,117,32,123,31,130,26
171,41,169,40,163,38,135,39,131,40,127,43,127,49,130,52,135,53,162,52,167,51,171,48
380,52,380,61,386,65,391,66,418,66,423,64,427,61,426,51,421,48,416,47,390,47,382,49
0,151,0,163,19,163,23,163,26,162,27,160,27,153,24,151
125,162,125,169,126,171,128,172,145,172,150,170,151,168,151,162,146,160,130,160
0,164,0,193,1,194,12,198,20,199,28,199,41,197,47,193,47,190,48,190,48,183,44,177,44,168,41,164
42,172,42,177,43,179,46,181,95,182,103,182,106,181,107,179,106,172,104,171,100,170,81,170,76,169,47,168,45,169
42,184,42,195,45,198,51,199,66,199,71,198,82,198,87,199,106,199,110,198,111,196,111,191,108,188,104,187,82,186,70,183,61,181,52,181,47,183
290,201,285,205,284,207,285,230,276,236,276,240,274,240,274,253,276,254,276,255,279,257,281,258,283,260,288,262,299,263,302,264,307,264,332,264,339,260,343,255,343,240,340,238,347,235,350,234,351,233,352,220,354,219,358,216,357,205,354,202,350,200,335,199,314,198,304,199
129,246,123,243,111,243,105,245,89,251,84,255,83,257,83,269,89,272,100,272,126,264,130,259,130,248
260,277,259,289,262,292,266,295,270,296,298,296,300,295,305,291,305,281,304,279,300,276,286,275,267,275
313,284,313,293,318,299,324,300,341,300,346,302,369,302,378,299,381,295,381,287,380,284,375,281,345,281,343,279,337,278,322,278,319,279
