27,38,27,50,29,52,38,54,57,56,79,56,80,55,108,55,115,52,117,48,117,41,114,36,106,33,37,34,30,35
27,58,27,66,29,69,33,73,36,74,73,75,97,76,116,76,121,75,129,75,132,74,137,72,140,67,139,58,138,56,130,52,126,51,103,51,91,52,87,52,87,51,82,51,80,50,57,50,56,51,39,51,33,52,29,54
264,73,264,80,266,82,272,85,282,86,292,86,296,86,315,86,321,86,326,82,326,75,322,71,319,70,311,69,303,69,300,68,289,68,276,68,272,68,267,70
490,114,488,111,482,109,457,109,453,109,423,109,417,111,414,113,414,121,416,124,422,126,480,126,485,125,488,123,490,122
289,115,287,113,282,111,266,110,256,111,243,111,236,114,235,115,235,120,236,123,240,124,254,125,279,125,283,125,287,123,289,121
186,114,185,121,188,124,192,125,207,125,212,123,216,121,216,115,212,112,208,110,192,111,188,112
305,120,305,127,307,129,313,130,327,130,331,130,354,130,357,130,360,127,360,121,356,119,331,119,328,118,311,118,307,118
183,133,183,139,185,141,190,142,207,143,211,142,215,139,215,134,214,132,210,130,190,130,186,131
130,160,126,156,121,155,108,155,106,156,71,156,63,159,63,168,67,171,73,173,92,173,100,173,123,173,128,171,130,170
245,161,245,166,246,168,250,170,286,170,289,169,291,167,291,161,289,159,285,157,253,157,248,158
192,168,192,173,193,175,198,177,227,177,231,176,235,173,235,168,233,166,226,164,201,164,194,165
158,186,158,191,161,194,164,194,194,194,197,193,199,192,199,185,197,184,193,182,164,182,160,184
64,189,63,196,65,197,69,198,88,198,91,198,93,196,93,189,89,186,82,185,74,185,67,187
324,194,324,201,326,203,333,205,353,205,358,206,388,205,394,203,397,202,396,194,393,191,388,190,331,190,328,191
62,203,62,208,65,210,65,212,98,212,103,210,104,208,103,203,99,200,96,199,70,199,66,200
227,204,227,209,230,212,265,212,269,210,268,202,264,200,251,200,232,200,229,201
62,212,63,219,70,221,98,222,100,221,105,219,105,214,100,210,98,209,65,209
227,212,227,219,230,222,238,222,240,223,278,222,282,221,285,219,284,212,282,210,277,210,253,209,243,209,241,210,240,209,230,209
236,211,236,220,240,223,277,222,281,221,284,219,284,213,283,212,279,210,253,209,243,209,239,211
452,216,448,213,442,212,433,212,424,214,402,214,398,214,395,216,395,223,399,226,404,227,446,227,451,224
122,240,122,246,124,248,127,250,147,251,160,250,165,248,167,246,167,239,162,236,130,236,126,237
166,253,166,260,169,262,171,262,209,263,214,262,216,260,216,253,214,251,212,251,189,251,186,250,172,250,170,250
221,261,221,267,224,270,228,271,263,271,269,271,274,267,274,260,273,259,269,257,231,257,223,258
431,264,431,270,433,272,438,273,462,274,473,273,492,273,496,272,498,270,498,263,497,262,493,260,477,260,475,261,467,260,437,260,434,261
331,278,331,283,332,285,337,287,340,287,361,288,366,287,395,287,400,284,400,277,399,276,395,274,336,274,332,276
14,282,14,288,16,290,24,293,52,293,56,292,76,292,82,291,87,287,87,282,85,279,80,276,75,276,53,276,49,276,24,276,21,276,17,278
