159,70,157,68,151,65,124,66,115,70,96,70,84,74,66,74,62,75,32,75,26,76,24,78,24,86,26,90,30,91,51,91,60,90,90,90,96,88,115,88,126,83,132,85,145,85,153,83,158,80
30,96,29,108,32,113,39,118,61,118,65,117,67,115,68,105,66,102,66,96,64,93,60,92,40,92
130,102,129,99,124,96,78,98,70,99,61,105,61,112,74,117,88,117,94,116,109,115,124,113,128,111,130,108
61,123,59,126,59,143,54,146,51,150,50,172,55,180,56,181,59,181,61,183,61,184,65,185,65,188,114,188,128,186,153,186,163,183,170,178,170,157,165,148,163,135,156,128,154,126,150,126,147,125,144,125,139,121,134,120,76,119,68,120
61,123,59,126,59,143,54,146,54,151,51,151,50,153,50,172,55,180,56,181,59,181,61,183,61,184,65,185,65,188,114,188,128,186,153,186,163,183,170,178,170,157,165,148,163,135,156,128,154,126,150,126,147,125,144,125,139,121,134,120,76,119,68,120
79,234,57,233,53,234,51,235,43,236,33,240,25,246,25,264,15,265,15,269,8,270,5,275,5,290,10,296,10,298,25,300,31,303,32,306,38,310,44,311,46,313,61,313,63,310,79,308,80,306,84,306,87,302,90,302,90,300,95,300,95,299,99,298,100,283,98,281,92,278,92,276,89,273,89,266,92,263,91,245,85,236
577,318,578,336,582,340,583,345,585,350,590,353,600,356,607,356,609,358,639,358,639,319,635,316,627,313,591,313,580,316
293,373,288,378,289,389,293,392,308,391,313,387,312,376,307,372,296,371
463,410,461,406,457,403,450,400,441,400,438,398,437,395,434,395,432,392,424,392,422,391,405,391,396,392,392,394,388,394,384,396,376,406,373,406,356,402,333,402,329,403,321,407,294,406,290,408,286,413,286,428,292,435,292,436,301,441,313,444,317,444,322,446,337,446,346,450,352,450,370,455,396,456,401,455,408,450,410,448,410,441,415,430,417,431,424,431,456,431,460,430,463,428
288,414,288,428,290,431,294,434,294,435,307,441,315,443,319,443,324,446,339,446,348,450,354,450,371,455,377,455,399,455,403,453,409,447,409,440,413,433,412,414,404,414,400,412,399,410,395,408,394,406,380,406,377,408,355,403,335,403,330,404,323,408,295,408,291,410
