159,48,159,58,162,63,174,63,178,65,194,64,196,63,206,63,208,61,210,58,210,49,209,46,207,44,163,44
145,61,145,72,147,74,151,76,177,76,181,78,222,77,224,76,225,72,225,65,224,61,221,58,197,59,194,57,162,56,160,57,148,57,146,59
147,85,147,93,149,95,172,95,172,87,170,84,149,83
147,93,147,100,148,103,175,103,177,102,177,93,172,90,149,90
147,101,147,107,149,109,165,110,167,108,167,100,165,98,149,98,148,98
147,84,146,100,147,107,148,109,165,110,167,108,167,103,175,103,177,102,177,93,173,91,172,89,172,85,170,83,148,83
148,122,148,131,150,134,159,134,161,136,180,136,182,135,187,135,189,132,189,124,188,123,186,121,175,121,149,120
155,122,155,133,161,136,180,136,182,135,187,135,189,132,189,124,188,123,186,121,158,121
151,130,149,134,149,140,151,145,158,145,160,143,160,133,157,130
156,133,156,143,160,146,179,147,182,143,182,134,180,132,160,130,159,132
149,144,149,154,149,155,152,157,159,156,163,158,194,158,197,156,198,154,198,144,196,142,193,141,159,141,158,140,150,140
157,143,157,155,159,157,194,158,197,156,198,154,198,146,196,142,159,141
