176,184,176,195,178,198,204,198,206,197,208,194,208,183,201,180,178,180
185,204,185,215,187,217,212,218,216,216,218,214,218,203,216,200,212,199,188,199,186,200
169,260,164,266,162,271,160,273,156,285,157,409,162,422,164,429,166,434,172,436,189,436,194,432,194,415,196,413,196,406,197,358,198,352,198,322,200,310,199,278,197,268,194,263,191,261
196,326,196,335,198,337,202,340,212,341,222,340,226,339,228,335,228,327,227,324,224,320,220,319,202,320,200,320
195,355,195,365,197,369,200,370,228,371,232,366,232,354,228,350,200,349,198,350
197,391,197,403,201,409,214,409,215,411,224,411,225,410,232,407,235,403,234,391,232,388,230,386,201,386
241,445,241,455,245,458,254,459,264,457,278,459,284,455,283,445,279,442,275,442,274,440,268,440,263,442,258,440,244,441
244,472,244,481,247,485,286,485,290,482,290,474,286,470,249,469
204,495,202,492,202,490,199,490,194,488,186,488,185,490,172,490,156,489,154,490,152,493,152,502,155,505,160,505,160,507,167,508,202,507,204,505
272,499,265,495,244,495,239,500,239,509,241,511,244,512,269,511,272,509
304,504,304,513,306,516,310,518,332,518,336,516,338,513,338,505,334,500,330,498,311,499,308,500
