588,93,586,90,580,86,515,87,501,90,502,102,510,105,574,105,587,103
430,91,430,101,433,105,491,105,506,105,510,102,510,90,505,88,486,87,470,88,440,86,433,88
169,105,165,98,161,95,155,92,145,90,109,90,98,91,24,93,18,95,10,103,9,121,11,126,18,131,21,133,49,133,93,131,129,131,134,132,150,132,158,130,163,128,169,121
610,115,608,112,596,110,596,101,595,98,590,95,577,95,574,97,564,98,509,98,508,115,515,118,514,121,514,130,577,131,603,130,606,130,610,126
527,111,520,110,520,97,513,97,510,96,480,97,430,96,429,98,425,98,418,100,415,103,414,108,405,111,401,114,400,128,404,131,414,133,414,142,418,145,514,144,520,141,520,131,527,131
519,98,511,98,508,97,481,98,431,98,430,99,426,99,420,101,416,104,415,110,406,113,403,115,402,126,407,130,419,132,490,130,490,129,491,128,491,121,495,118,515,118,517,116,519,111
610,116,607,113,595,111,564,111,562,113,519,112,519,113,517,114,517,121,515,122,515,129,558,129,579,130,602,130,605,129,610,126
483,112,482,127,485,128,486,129,514,130,515,129,524,128,524,114,520,114,514,111
510,128,510,140,513,140,516,141,589,143,595,141,596,139,596,129,590,125,586,124,516,123,516,125
417,130,417,140,421,143,511,142,518,140,518,128,515,125,512,125,464,124,450,125,427,125,420,126
159,128,154,125,146,124,110,125,108,126,92,126,87,127,76,126,68,128,52,128,48,128,44,131,44,140,49,142,83,142,110,141,153,141,158,140,159,138
