504,27,504,38,509,39,510,41,513,42,514,46,516,47,525,48,528,49,561,50,570,49,608,50,623,47,629,43,630,41,633,40,632,28,625,23,613,20,602,19,568,19,562,20,535,20,515,22,511,24,508,25
336,36,334,32,330,30,325,29,321,27,311,25,272,24,250,25,189,25,164,26,155,29,150,35,149,50,155,56,158,58,165,61,195,61,218,59,318,60,322,60,330,56,335,52,336,47
371,56,372,67,378,70,386,72,426,72,450,70,459,68,465,63,465,56,460,52,454,51,433,51,428,50,416,49,380,50,372,54
5,68,5,75,8,78,11,80,20,81,67,81,94,82,104,82,107,81,111,77,111,68,110,66,106,63,95,62,72,62,63,60,51,60,16,60,12,61,7,64
237,93,236,91,218,90,165,90,158,92,156,93,138,92,96,92,88,94,83,97,83,106,85,106,85,112,96,114,114,114,119,113,142,115,155,115,165,112,177,112,189,110,200,111,226,111,233,110,236,108
84,98,84,105,86,105,86,111,97,113,112,113,120,112,143,114,153,114,165,111,165,105,163,104,162,95,156,94,136,92,104,92,94,93,89,95
11,102,11,111,15,111,19,113,46,113,54,114,65,114,70,115,82,115,89,114,94,112,94,106,92,106,92,98,85,97,26,96,17,97,14,100,14,101
438,101,436,104,436,116,440,119,453,126,471,126,472,125,475,125,475,126,480,127,491,127,495,126,500,126,509,124,512,122,515,119,515,108,513,103,509,100,505,99,490,98,477,95,452,95,445,96
238,92,237,90,219,89,163,89,155,92,139,91,95,91,86,93,84,95,67,95,55,94,23,94,14,95,10,98,10,99,8,100,8,112,11,112,15,114,20,115,43,114,50,115,61,115,66,116,85,116,94,114,115,114,135,115,140,116,155,116,165,113,178,113,183,112,185,111,227,112,234,111,237,108
455,120,455,122,452,124,451,129,451,154,456,165,460,171,466,175,466,176,469,177,478,178,492,178,496,176,500,171,501,159,500,136,496,131,495,126,492,123,490,122,490,121,487,120
215,154,215,164,216,168,224,172,230,173,236,174,256,174,260,173,266,168,267,157,263,154,246,150,231,150,219,152
222,179,221,188,222,190,227,193,256,195,266,193,270,191,273,189,274,181,273,180,267,177,250,175,239,175,235,176,227,176
130,184,130,194,135,197,137,198,182,198,187,196,190,192,190,184,188,182,180,179,145,179,138,180
