179,100,175,103,175,112,181,117,197,117,203,111,203,104,201,102,195,100
410,106,410,118,413,128,420,134,433,137,474,136,485,135,493,130,497,125,499,120,499,108,495,102,476,95,470,95,465,94,435,95,426,96,418,100,413,103
137,123,137,128,141,133,167,134,170,131,170,124,164,121,140,120
160,185,160,204,164,207,175,208,215,208,221,206,224,204,224,198,227,197,227,190,225,189,225,185,223,182,220,181,165,182
220,186,220,198,226,201,247,201,251,200,252,196,255,193,255,186,250,184,231,184
500,206,495,201,488,200,445,201,441,201,435,206,435,215,440,219,446,220,491,220,499,216
340,205,340,225,341,227,341,238,345,241,353,242,374,243,382,245,395,245,395,243,401,242,401,233,396,231,392,226,391,207,388,204,384,202,356,201,346,203
301,204,295,208,292,214,292,231,295,241,299,246,305,250,311,252,325,252,330,248,333,245,333,232,330,225,326,220,325,211,319,205,313,204
245,217,244,215,240,211,232,208,201,208,187,210,135,209,133,210,125,211,118,215,117,228,119,231,125,236,134,238,152,238,165,235,231,235,240,232,244,229
340,218,340,225,345,228,345,230,389,229,391,225,391,218,387,214,343,214
342,227,342,238,347,241,375,242,383,244,394,244,395,243,400,241,400,234,393,230,389,224,345,224
0,261,0,273,2,275,10,276,25,276,35,273,35,263,30,260,27,260,25,258,13,258,2,260
115,277,116,286,119,288,126,290,137,290,140,291,176,293,185,295,202,295,206,293,209,291,209,282,207,280,206,271,202,270,195,268,182,268,177,266,128,265,120,268,119,274
484,322,478,320,460,321,455,323,455,333,459,335,476,335,483,333,485,331
