410,72,408,71,408,66,405,57,403,55,401,55,397,49,395,49,394,47,388,45,386,43,381,42,380,40,371,38,370,36,343,36,317,38,309,40,287,39,282,36,250,36,247,37,246,39,231,40,231,43,216,44,215,45,210,47,205,51,183,54,180,56,177,56,173,60,164,60,151,65,147,67,145,71,139,74,135,74,133,76,130,78,121,79,114,84,111,88,102,94,98,100,87,106,85,106,80,111,72,114,71,117,65,119,64,121,61,121,60,123,59,125,57,128,54,129,53,132,51,135,50,135,48,139,45,139,44,141,41,144,41,151,38,153,38,185,40,186,40,193,41,195,48,200,49,202,55,204,56,208,63,208,65,210,68,210,70,212,75,212,76,215,101,215,109,210,114,205,119,204,121,201,134,195,135,192,138,191,152,180,155,180,156,178,161,177,170,170,180,169,189,164,191,164,192,162,195,161,197,159,206,156,208,154,210,154,211,152,227,151,230,149,248,149,252,147,262,146,263,145,266,145,269,143,281,143,285,139,296,138,298,136,309,136,313,135,325,134,334,135,366,135,372,133,381,133,389,130,394,126,398,126,400,125,403,125,404,123,406,117,406,110,407,110,410,102
342,170,337,175,335,179,335,184,333,187,333,232,342,249,343,256,348,261,349,265,358,265,361,262,368,260,371,254,372,248,374,246,375,241,375,205,373,200,372,193,369,188,369,186,360,175,355,170
320,190,316,190,316,187,313,186,311,184,306,182,305,180,299,179,297,175,276,175,272,179,263,180,261,182,256,185,256,197,253,198,253,213,255,214,255,217,254,218,255,259,257,259,259,260,259,262,263,264,275,264,275,261,285,261,286,260,291,259,292,257,293,252,296,252,298,250,303,249,304,247,310,245,311,243,313,243,320,230,322,229,324,220,324,205,323,202,323,197
320,190,316,190,316,187,313,186,311,184,306,182,305,180,299,179,297,175,276,175,272,179,263,180,261,182,256,185,256,195,249,197,248,208,249,225,251,225,252,229,254,230,255,259,257,259,259,260,259,262,263,264,275,264,275,261,285,261,286,260,291,259,292,257,293,252,296,252,298,250,303,249,304,247,310,245,311,243,313,243,320,230,322,229,324,220,324,205,323,202,323,197
358,253,353,245,333,246,328,250,321,259,317,272,313,276,303,278,299,280,282,280,281,282,272,286,270,289,263,289,259,293,255,303,254,322,256,323,256,326,260,329,266,330,279,330,289,329,303,322,307,322,316,316,319,316,325,312,326,312,336,304,337,300,340,298,349,295,350,294,352,294,355,290,356,285,357,275,358,274
126,267,126,271,125,273,125,303,126,304,126,312,133,318,160,319,164,321,173,323,186,330,193,331,204,338,227,338,230,336,250,336,256,335,260,333,261,330,261,326,262,325,262,308,260,308,258,305,250,305,239,301,231,294,225,293,225,291,205,290,200,286,198,286,196,283,195,282,195,280,188,274,187,270,184,268,166,268,160,265,158,263,151,260,133,261,128,264
337,286,335,286,335,283,332,283,329,280,328,275,328,268,319,268,318,273,311,278,304,279,300,281,283,281,281,283,273,287,271,290,263,290,260,294,255,306,255,321,256,322,257,325,266,330,278,330,288,328,303,321,306,321,315,315,318,315,324,311,326,311,335,303,337,299
392,303,391,311,390,313,390,328,392,337,397,341,411,342,415,345,418,350,421,350,468,350,473,346,473,331,476,327,476,308,472,303,465,300,462,296,406,295,396,297,394,299
126,267,126,271,124,276,125,303,126,304,126,312,133,318,160,319,164,321,173,323,186,330,193,331,204,338,227,338,230,336,250,336,256,335,260,333,261,330,261,326,262,325,262,308,260,308,258,305,250,305,239,301,231,294,225,293,225,291,205,290,200,286,198,286,196,283,195,282,195,280,188,274,187,270,184,268,166,268,160,265,158,263,151,260,133,261,128,264
18,315,18,330,21,330,23,338,31,338,31,335,39,332,46,333,61,331,66,330,70,325,70,316,63,312,25,312
405,515,403,522,403,540,406,545,409,545,411,550,418,554,441,555,442,557,450,557,450,555,451,554,451,551,453,550,453,545,456,540,456,524,452,522,450,515,445,512,437,511,413,511
