364,11,360,15,360,32,362,34,362,50,364,51,363,60,361,62,361,69,360,71,360,116,362,120,370,122,372,123,377,125,382,125,435,125,448,124,460,122,463,120,464,111,466,111,465,78,463,77,463,67,459,64,457,61,457,51,452,47,452,32,450,25,450,18,443,13,425,9,373,10
258,60,258,67,260,69,265,70,299,70,304,69,306,67,305,59,297,56,268,55,262,57
176,60,176,67,179,68,184,69,221,70,230,68,231,66,231,61,229,59,225,58,211,58,208,57,184,57,180,58
500,62,500,69,501,72,507,74,565,75,572,74,577,71,576,62,573,59,569,58,518,58,515,59,504,60
577,65,577,71,580,74,584,75,615,75,626,76,639,76,639,61,586,60,581,61
89,106,89,113,95,117,150,116,155,115,157,113,157,105,151,101,106,102,101,103,95,103
183,110,183,116,185,118,190,119,220,119,226,118,228,116,227,109,219,107,192,107,186,108
261,110,261,117,265,119,295,119,299,118,300,117,300,110,297,108,292,107,268,107
496,113,496,119,500,121,527,122,530,121,533,119,533,114,530,111,501,111
475,296,475,303,478,305,491,305,501,304,505,303,505,296,501,295,480,294
