103,440,103,448,105,451,107,453,130,453,135,452,138,450,137,438,133,436,113,435,108,436,105,438
322,440,319,438,307,438,304,436,285,436,277,435,260,436,257,437,243,436,240,438,227,438,215,438,211,439,211,453,216,454,238,455,240,457,249,457,251,455,261,454,319,454,322,452
103,439,103,450,106,453,109,454,131,453,135,452,138,454,148,453,157,455,179,455,180,454,182,453,184,451,184,440,179,436,165,437,147,435,137,435,135,436,133,435,112,434,108,435,104,437
180,441,180,450,183,453,193,454,195,456,205,457,205,455,208,455,216,451,216,440,212,438,183,438
318,442,318,451,322,452,332,453,337,451,339,449,339,442,338,441,336,440,322,439
104,455,104,464,106,468,120,470,146,471,150,470,152,467,152,455,148,454,146,453,125,453,115,450,109,450,105,453
165,453,165,461,166,462,166,466,169,468,194,468,194,454,191,453,191,452,180,451,179,449,172,449,169,450,166,453
304,455,300,451,285,451,269,453,256,453,252,455,252,468,262,470,269,470,271,468,300,468,304,467
149,456,149,466,154,468,167,468,170,466,171,454,163,453,162,451,157,451,156,453,153,453
190,454,190,468,195,469,218,469,223,467,223,460,222,458,222,455,220,454,215,453,207,453,200,450,195,450,194,452
255,455,250,452,245,451,221,454,218,455,218,467,227,470,240,471,252,470,256,468
300,455,299,466,302,468,329,469,332,466,332,458,330,454,325,453,311,453
