98,98,98,105,101,108,105,109,134,109,136,108,141,104,141,98,134,94,104,94,100,95
426,123,427,132,432,135,480,134,484,133,485,131,485,122,480,119,462,117,441,117,431,118,428,120
113,125,113,133,115,136,120,138,132,138,143,136,168,136,173,134,173,124,168,121,128,120,117,121
373,133,372,143,374,146,380,150,410,150,413,148,417,145,417,133,412,130,383,129,378,130
364,166,364,173,365,176,373,180,412,180,417,179,437,179,444,177,447,173,447,164,445,162,439,160,417,159,402,157,378,156,370,158,365,162
441,165,442,173,446,176,451,178,484,177,489,175,490,171,490,163,485,159,482,158,450,158,445,160
156,166,156,174,161,178,165,180,215,180,224,180,229,176,229,166,227,163,222,161,165,161,161,162
105,166,105,175,106,177,111,179,151,180,158,178,163,173,163,167,156,162,151,161,110,161,106,163
489,185,490,195,495,198,537,198,547,195,549,191,548,183,542,180,497,179,494,180,490,182
386,186,386,195,390,198,394,200,426,200,430,198,480,200,486,198,490,195,490,186,484,181,460,180,432,180,427,181,422,180,399,180,390,182
115,187,115,196,118,199,121,200,159,200,166,199,170,195,170,187,164,182,124,181,119,183
166,187,166,194,171,198,175,200,214,199,217,198,220,195,220,186,214,182,175,181,170,183
310,186,310,196,313,200,319,201,378,200,385,198,388,196,387,185,382,182,374,181,317,181,314,182
194,421,194,428,200,431,219,431,224,430,225,428,225,421,220,417,203,416,196,418
425,426,421,424,415,423,390,425,386,427,386,435,391,437,420,436,424,435,425,434
507,448,501,443,495,443,489,441,480,441,478,445,468,443,467,442,459,442,458,444,452,445,447,448,447,458,449,460,454,463,472,463,475,461,483,463,499,463,503,461,506,459
