0,60,0,112,51,115,76,114,87,112,95,109,101,100,101,78,99,77,95,73,89,68,82,66,80,64,72,63,35,62,25,60
336,232,336,242,338,243,338,247,350,253,406,254,420,252,444,252,450,250,453,243,452,227,448,223,440,222,407,223,397,221,351,221,345,224,340,229
345,233,342,230,330,226,280,228,276,229,271,233,270,245,274,251,282,255,331,255,340,252,346,247
331,265,331,279,335,284,341,286,380,286,390,282,393,278,393,265,389,260,381,258,342,258,335,259
355,299,355,324,360,324,364,326,443,325,451,323,454,320,456,315,455,302,453,299,446,296,367,296
287,306,288,321,292,326,305,330,324,331,352,331,359,329,361,327,444,326,452,323,455,321,457,315,457,303,455,299,450,296,441,294,365,294,358,296,331,293,304,293,297,296,291,299
400,458,398,455,394,452,385,450,362,449,329,451,323,453,319,456,318,468,320,471,328,476,351,478,386,478,397,474,400,471
305,502,305,514,314,521,314,522,397,522,403,521,407,516,407,505,405,500,401,498,376,498,359,494,313,496,310,497
409,514,404,519,402,523,402,533,408,539,425,539,425,536,429,531,429,520,422,514
309,524,310,535,312,539,316,541,349,542,397,541,403,536,402,523,399,519,392,518,367,519,352,515,315,514,310,519
436,514,434,522,434,543,478,543,480,537,479,520,477,516,473,511,465,510,450,510,441,511
403,543,428,543,428,539,425,534,408,534,404,537
