525,117,525,127,534,132,540,133,555,135,572,135,583,134,589,132,591,131,596,126,596,119,595,116,589,112,582,111,543,111,535,112
63,113,59,115,56,118,56,128,60,132,62,133,74,134,79,132,83,126,83,118,80,115,78,114
87,120,85,121,83,124,85,136,88,138,97,138,100,136,100,134,100,122,98,120
43,121,40,122,37,124,37,135,39,137,42,139,52,139,55,138,57,135,58,125,56,122,54,122
105,135,100,136,98,138,97,150,98,152,102,155,112,155,116,153,118,148,117,137,115,135,113,135
108,158,105,161,104,164,104,175,106,177,109,178,117,178,120,177,123,175,123,162,120,159
103,180,100,182,98,185,97,196,100,200,102,201,111,201,115,198,117,194,116,184,114,181
40,196,36,198,34,201,34,216,35,219,40,220,48,220,53,217,54,215,54,200,51,197
85,196,82,197,80,200,80,214,82,217,94,218,97,215,99,200,96,197,93,196
61,203,59,204,57,207,57,223,59,225,63,226,70,226,74,225,76,222,75,207,73,204,70,203
