115,0,115,31,113,32,113,44,115,45,115,55,113,55,113,75,115,78,116,82,120,89,132,90,135,86,137,80,138,69,139,0
71,147,71,160,74,167,78,173,85,175,86,178,102,178,106,176,116,176,132,172,141,173,142,175,164,175,171,160,171,141,169,137,164,135,157,135,147,132,116,133,110,130,80,130,74,135
244,155,244,176,250,187,255,187,256,189,261,189,262,190,275,192,276,194,279,194,282,197,282,200,284,203,286,203,288,207,293,207,299,211,308,214,308,216,318,217,318,222,320,223,320,227,322,228,325,231,338,236,353,236,357,234,361,226,366,224,367,220,375,220,376,219,376,179,372,179,371,175,369,175,360,170,352,170,350,169,338,169,332,159,324,159,315,156,312,154,301,154,298,152,283,148,254,147,246,150
244,154,244,176,249,187,254,187,255,189,261,189,262,190,275,192,276,194,278,194,281,197,282,200,283,203,285,203,287,207,293,207,299,211,307,214,308,216,317,217,318,222,319,223,319,227,322,228,324,231,338,236,353,236,357,234,361,226,366,224,367,220,375,220,376,219,381,219,381,210,382,210,382,179,372,178,371,174,369,174,360,170,352,170,350,168,338,168,332,158,324,158,315,155,312,153,301,153,298,151,283,147,253,146,245,150
244,154,244,176,249,187,254,187,255,189,261,189,262,190,275,192,276,194,278,194,281,197,282,200,283,203,285,203,287,207,293,207,299,211,307,214,308,216,317,217,318,222,319,223,319,227,322,228,324,231,334,235,353,236,357,234,361,226,366,224,367,220,384,220,387,215,387,197,386,196,386,180,385,179,372,178,371,174,369,174,360,170,352,170,350,168,338,168,332,158,324,158,315,155,312,153,301,153,298,151,283,147,253,146,245,150
109,184,107,185,107,188,105,194,105,226,104,228,104,233,102,235,101,260,100,261,100,294,102,296,102,304,101,305,100,334,101,378,102,388,106,400,108,403,113,405,128,405,132,400,135,394,135,390,138,380,138,371,138,316,141,305,141,292,142,285,142,261,140,251,140,243,139,235,139,225,140,216,140,195,139,192,139,189,137,185,136,185
294,194,286,194,284,195,271,195,265,199,263,201,263,218,266,223,270,226,270,235,271,239,273,240,277,241,278,243,290,244,293,243,297,237,297,225,299,220,299,207,296,196,294,196
249,210,245,201,240,199,215,200,206,202,199,200,173,202,167,204,163,209,159,210,159,227,161,228,161,238,167,244,170,245,184,245,188,243,209,241,219,242,221,240,242,240,244,237,247,235,249,233
193,242,192,253,192,266,193,271,197,275,206,277,227,278,234,288,245,293,252,293,262,290,265,288,268,276,267,257,263,246,256,239,246,239,242,241,239,241,235,245,231,245,231,246,229,249,227,249,226,246,220,246,220,242,207,241,206,237,198,237,194,240
80,250,78,255,75,258,71,270,71,330,74,343,77,347,81,349,91,349,97,346,97,344,100,340,103,331,103,315,104,314,105,305,104,281,103,280,102,269,99,263,99,259,95,257,93,253,91,253,90,250
329,258,323,261,321,265,320,269,319,306,322,342,325,345,325,350,328,352,333,353,334,355,343,355,346,352,348,347,350,344,353,344,355,339,355,315,354,308,354,296,352,274,351,268,349,263,344,261,343,259
60,259,52,258,45,261,43,267,42,270,40,270,39,279,39,315,40,319,43,323,52,323,58,319,58,316,60,315,60,311,63,310,63,307,64,306,64,297,64,295,66,293,67,288,67,272,65,265
376,340,376,356,377,356,379,359,382,361,385,362,386,364,387,364,394,371,396,373,408,373,415,375,422,375,424,373,424,338,422,337,421,334,414,334,411,335,410,332,398,331,397,334,380,335
277,338,277,354,280,359,282,360,283,361,302,362,303,360,307,359,310,355,310,340,306,333,300,330,284,330,281,333,280,335
381,377,381,386,383,390,387,392,397,391,403,395,424,396,424,378,422,377,404,376,398,374,384,374
270,397,270,406,272,416,276,423,279,425,282,425,285,426,311,425,314,424,316,420,316,401,311,395,304,395,304,393,301,393,296,390,286,388,277,388,273,392
238,551,235,547,229,546,209,549,209,560,210,563,214,565,232,565,236,564,238,560
