561,45,561,52,563,55,566,56,603,56,610,55,611,53,611,44,607,41,566,41,562,43
563,59,563,67,567,70,572,71,600,71,604,70,606,65,606,58,605,56,598,55,569,55,565,55
557,77,557,95,561,100,569,100,571,103,585,102,590,99,601,98,606,95,606,85,601,83,593,83,592,77,589,75,561,75
556,105,556,122,561,125,574,129,586,129,589,126,605,125,606,122,606,112,604,110,600,110,599,105,597,103,560,102
555,132,555,150,558,152,562,152,563,154,571,154,575,155,595,155,595,154,598,151,598,141,595,139,594,131,590,130,559,130
3,180,3,191,7,194,28,195,39,194,44,192,43,180,40,179,10,178
2,180,2,192,6,195,15,195,45,194,70,195,161,196,169,195,171,194,171,183,165,180,87,179,69,177,10,177
18,194,19,207,26,208,48,208,50,206,56,206,59,208,91,208,99,206,129,207,135,205,135,194,131,191,21,192
18,194,19,208,26,209,49,209,50,207,56,207,59,209,92,209,100,207,160,208,169,207,172,205,172,194,168,191,60,191,21,192
16,205,16,215,19,220,48,220,50,218,68,217,75,220,92,220,97,218,105,218,110,215,110,205,108,204,92,203,91,201,83,201,82,203,69,203,65,200,57,200,56,202,49,202,46,200,19,200
15,217,15,225,18,228,24,230,97,230,101,227,101,217,92,213,52,215,48,213,34,214,27,212,19,212
