193,38,191,36,185,32,120,33,114,35,112,37,111,47,115,50,125,52,183,51,189,50,192,47
248,70,248,77,252,79,257,79,259,80,260,86,295,86,298,85,298,80,305,78,308,76,308,70,302,68,282,67,252,67
377,70,375,68,367,67,324,68,321,70,320,86,324,88,334,89,375,88,378,86
404,72,404,79,408,81,431,80,435,78,435,73,432,71,430,70,411,70,407,71
176,73,175,81,174,83,174,90,175,91,181,93,181,98,183,99,231,100,236,98,236,92,241,90,242,89,241,75,237,72,180,72
176,75,176,81,181,84,231,83,238,82,240,81,240,74,233,72,181,72,179,73
160,76,158,75,152,73,128,74,125,76,125,82,131,85,155,85,160,82
249,69,248,77,252,80,257,80,259,81,257,83,252,85,252,93,255,95,302,95,302,93,305,92,305,85,305,83,300,82,299,80,308,78,309,70,307,69,303,68,283,67,252,67
385,81,385,87,390,90,418,90,422,88,444,88,450,87,452,86,452,80,447,77,393,77,388,78
175,82,175,90,175,91,182,93,182,98,187,100,231,100,236,98,236,92,241,90,242,89,241,81,237,80,232,79,181,80
109,84,109,91,113,93,163,93,173,90,173,83,170,82,158,81,155,80,115,81,112,81
379,86,374,83,326,83,318,86,318,94,322,96,375,95,379,93
171,91,166,88,113,89,111,91,111,98,117,101,166,100,171,97
254,93,254,100,255,101,259,102,294,102,300,101,305,100,305,93,301,90,257,91
