458,65,455,70,455,83,459,91,471,96,485,105,501,106,510,105,514,103,528,100,531,97,533,97,534,74,532,73,532,72,535,71,535,62,535,61,530,60,525,56,507,51,486,52,479,55,471,56,466,58
523,63,522,75,520,76,519,83,517,83,517,98,520,99,520,101,524,101,530,105,537,105,539,107,544,108,548,110,556,111,575,111,609,107,612,108,627,110,630,111,639,111,639,56,620,56,609,55,563,55,554,56,536,58,533,60,529,61,528,63
93,108,91,116,92,146,100,151,116,156,154,157,158,163,161,163,164,165,165,168,169,170,185,171,193,173,212,173,220,177,223,177,226,180,235,180,239,183,274,187,314,187,316,186,333,185,348,182,352,180,355,180,359,178,365,177,372,173,372,166,374,165,375,161,375,137,374,136,370,135,370,126,366,123,364,123,356,120,353,120,345,116,340,116,336,115,297,115,289,110,278,109,276,108,270,108,266,106,260,105,259,102,256,101,247,100,245,98,210,96,207,95,207,92,199,92,197,90,188,90,187,88,185,87,185,83,155,83,154,84,147,84,143,86,136,87,115,88,115,89,105,95,98,101
93,108,91,116,92,146,100,151,116,156,154,157,158,163,161,163,164,165,165,168,169,170,185,171,193,173,212,173,220,177,223,177,226,180,235,180,239,183,274,187,314,187,316,186,333,185,348,182,352,180,355,180,359,178,365,177,372,173,372,166,374,165,375,161,375,137,372,127,366,123,364,123,356,120,353,120,345,116,340,116,336,115,297,115,289,110,278,109,276,108,270,108,266,106,260,105,259,102,256,101,247,100,245,98,210,96,207,95,207,92,199,92,197,90,188,90,187,88,185,87,185,83,155,83,154,84,147,84,143,86,136,87,115,88,115,89,105,95,98,101
523,124,521,129,522,150,524,153,527,155,534,158,563,158,565,157,569,157,572,155,589,156,590,157,639,157,639,111,613,113,611,114,594,114,585,111,580,111,575,110,550,110,545,112,540,112,530,116
187,199,187,208,191,213,195,214,219,215,227,213,231,210,233,208,233,198,225,194,212,193,196,193,190,195
343,210,343,221,346,223,343,227,343,239,346,243,356,245,415,245,420,243,423,239,422,225,424,222,424,211,423,209,419,205,413,204,380,204,375,205,370,204,354,204,349,205
345,228,345,238,348,242,358,244,415,244,419,242,422,238,422,229,417,223,386,223,380,223,379,221,366,221,364,223,352,223,347,225
447,231,447,241,449,243,457,246,505,246,511,244,514,240,514,230,512,228,508,225,501,223,465,222,455,225,448,229
271,251,269,248,265,245,250,245,242,246,221,246,215,248,212,250,212,260,215,264,221,266,237,266,239,267,262,266,266,265,270,262
209,295,209,303,211,306,216,307,241,308,245,306,250,308,263,308,268,306,271,304,271,293,269,291,267,281,265,278,258,276,236,276,235,277,234,277,233,280,223,280,223,286,211,293
