0,9,4,9,8,12,17,13,48,13,54,12,63,11,90,10,93,8,110,9,115,8,121,8,122,7,129,7,133,6,136,3,140,3,140,0,0,0
172,85,150,86,142,91,139,101,140,121,138,125,138,140,132,151,132,167,130,168,130,179,133,180,134,196,135,198,133,219,131,221,131,228,129,232,129,246,132,253,135,255,137,255,164,255,170,253,174,245,175,211,173,201,177,193,180,181,180,153,178,146,180,137,180,97,180,91,175,86
206,84,201,87,202,96,199,102,199,115,202,120,205,121,218,121,225,117,227,110,227,103,224,96,225,88,223,85,218,84
15,117,0,118,0,192,9,192,15,190,15,183,13,181,13,156,15,143,18,142,20,139,20,125
190,169,187,173,187,179,185,183,185,191,186,193,186,206,190,208,196,210,220,210,225,209,229,206,230,195,227,191,228,181,227,179,223,177,223,169,215,167,200,167
115,168,111,169,107,172,105,178,102,182,102,202,105,205,112,211,135,212,140,209,140,203,143,198,144,195,145,193,145,169,134,168
320,202,321,220,335,225,340,229,340,231,358,231,359,230,363,229,380,229,381,227,405,227,406,226,407,227,426,227,430,226,444,226,451,224,456,224,467,227,471,227,479,229,497,229,500,227,510,227,510,223,516,222,516,215,520,214,520,198,512,192,511,191,503,188,448,188,445,190,441,190,440,188,435,188,426,186,390,186,387,185,369,185,362,186,340,186,335,187,328,191,328,193,321,200
542,196,539,196,537,195,533,194,519,194,517,195,514,195,514,196,508,199,508,202,505,202,505,209,502,210,501,212,498,213,497,219,495,220,491,220,491,225,490,226,488,232,488,249,490,252,490,261,493,263,493,268,495,271,498,273,518,273,522,271,529,266,530,263,534,261,534,258,538,253,550,242,551,233,554,230,554,215,550,207,550,198,546,198
274,257,270,259,264,266,265,289,269,293,269,296,275,300,281,300,283,302,288,302,299,304,301,306,313,306,318,305,321,302,322,300,325,298,329,292,329,275,325,270,320,266,312,263,305,259,299,256,279,256
592,285,587,283,475,284,467,287,464,290,463,300,460,302,447,303,442,306,442,325,445,328,450,331,467,331,468,333,436,334,432,337,431,368,439,372,468,372,469,380,474,382,484,383,487,384,583,384,603,383,608,382,610,380,610,359,608,358,593,356,593,349,589,346,589,338,585,336,578,334,563,333,564,332,586,332,592,330,595,328,595,314,597,313,597,294,595,292,595,288,592,287
593,284,588,282,473,283,465,285,462,289,461,299,458,300,448,301,443,303,440,305,440,312,432,314,430,316,429,347,430,380,434,382,440,382,442,383,482,383,485,385,530,385,531,384,584,385,604,384,609,383,611,381,611,359,609,357,594,354,594,348,590,344,590,337,586,334,583,333,585,332,593,331,596,328,596,314,598,313,598,293,596,291,595,287,593,285
590,290,582,286,479,287,471,289,468,293,467,303,464,304,451,305,447,308,446,322,450,325,454,327,473,328,472,345,478,348,557,347,557,329,578,329,587,327,590,324,592,297,590,295
591,297,590,294,586,293,586,289,581,287,480,287,472,290,469,294,468,303,465,305,452,306,448,308,447,321,450,324,455,327,473,327,474,334,478,337,552,337,555,333,555,328,577,328,586,326,590,324,590,310,591,309
441,324,441,331,445,333,480,334,482,332,485,332,485,323,481,322,480,321,450,321,444,322
69,333,68,344,70,348,74,351,81,353,86,353,90,354,94,355,112,355,121,352,126,348,126,337,125,333,120,330,102,325,77,326
147,326,140,332,139,334,140,344,144,348,145,353,147,356,181,356,185,353,185,346,188,343,187,333,179,328,179,327,168,327,167,328,160,328,159,326,156,326
440,333,440,339,445,344,478,344,479,343,484,342,484,332,480,329,444,329
477,332,477,342,483,344,548,344,552,344,553,342,553,334,548,330,482,330
370,340,370,348,374,351,398,351,403,348,403,340,398,337,375,337,374,338,371,338
585,354,580,351,580,342,577,341,570,339,481,339,480,341,475,342,475,364,480,367,581,367,585,363
440,344,440,351,445,355,479,355,481,353,485,353,485,343,478,340,445,340
245,351,245,360,253,363,308,363,311,362,317,357,317,351,313,348,305,345,254,345,246,348
441,343,440,362,448,366,480,366,480,365,485,363,485,342,479,340,445,340
474,341,475,376,480,378,506,380,523,380,524,379,532,378,576,380,596,379,601,378,604,376,603,363,601,362,586,360,586,353,582,349,582,342,579,339,575,338,555,337,480,338,478,339
440,365,441,373,445,375,450,375,453,376,475,376,480,376,485,373,485,363,480,362,479,361,448,361
478,377,479,386,484,388,516,388,519,388,523,384,523,377,520,373,516,373,496,373,495,374,483,374
597,377,597,386,601,388,623,388,628,387,630,386,630,377,625,373,612,373,604,374,599,376
