611,158,576,159,568,160,566,164,566,177,569,180,573,182,611,182
241,216,235,212,208,214,204,218,204,227,211,229,235,228,241,223
141,221,141,229,145,232,161,232,167,228,167,219,164,216,147,216,143,218
190,219,191,229,205,230,209,227,209,218,195,217
174,221,174,231,177,233,189,233,197,230,197,223,196,222,196,219,180,218
113,230,113,239,120,241,135,239,138,238,140,235,140,227,137,225,120,226
99,231,100,243,116,242,119,239,119,230,116,228,103,228
71,235,71,243,74,246,82,248,98,248,103,247,106,243,108,243,108,236,105,234,105,231,102,231,101,229,81,228,77,229
307,466,306,472,306,485,306,488,313,494,353,500,366,504,383,504,384,502,388,502,388,495,391,494,391,483,387,476,386,471,382,466,376,464,351,463,334,459,318,459,309,462
302,523,302,537,306,543,312,549,320,549,321,552,328,552,330,553,339,555,349,555,357,549,360,545,366,545,368,542,368,525,364,518,349,511,337,509,317,509,312,511,304,519
193,555,192,584,194,592,207,592,213,598,218,598,221,600,231,600,232,602,243,604,248,607,271,607,276,611,353,611,354,609,357,609,357,604,360,603,360,600,366,600,367,598,366,571,362,567,354,562,329,551,300,551,283,547,255,547,245,550,242,554,227,549,201,549
