113,0,113,3,117,3,117,7,123,10,131,14,134,15,153,15,162,14,164,12,166,9,167,8,167,7,170,6,170,0,169,0,168,0
47,0,48,7,52,9,80,10,87,8,87,3,85,2,85,0
494,5,487,4,468,3,457,5,430,5,425,6,422,8,422,17,425,20,427,20,438,21,441,23,449,23,451,22,466,23,488,22,494,19
358,12,359,19,362,21,365,22,384,24,408,24,411,23,412,22,418,22,420,20,420,14,419,10,410,6,384,6,364,7,359,10
499,4,488,4,468,3,457,5,430,5,425,6,422,8,422,17,425,20,427,20,438,21,441,23,449,23,451,22,475,23,477,22,488,22,490,20,493,21,499,21
291,12,291,20,296,23,300,26,332,27,337,25,339,25,341,24,341,22,347,18,347,11,346,10,341,8,306,8,295,10
150,14,150,27,152,28,161,28,162,30,178,30,190,31,214,31,224,29,250,29,263,28,266,27,281,27,285,25,287,22,287,14,286,12,281,11,265,11,257,10,236,10,218,11,172,9,156,10
22,20,23,27,27,29,33,30,46,30,52,29,64,29,80,30,89,28,89,17,83,16,31,16,25,18
82,17,82,27,84,27,87,29,121,29,125,27,125,17,121,16,106,15,89,15,84,17
120,17,120,27,125,29,151,28,157,25,156,18,155,18,155,16,152,15,125,15
445,35,445,41,453,41,453,44,481,44,482,41,486,41,487,39,489,39,489,34,487,31,485,29,477,27,461,27,454,28,450,30
341,30,339,27,333,24,322,24,316,27,312,26,304,26,291,26,285,31,284,44,287,46,295,50,305,50,305,55,309,55,311,56,332,56,337,53,338,47,341,44,342,39
242,33,242,39,244,41,247,42,276,41,281,40,281,33,278,31,274,30,252,29,244,31
191,33,191,39,195,41,210,42,225,42,230,41,234,40,235,39,235,32,227,30,201,30,194,31
447,37,444,36,440,35,394,36,389,40,389,45,391,48,393,49,399,50,401,51,409,51,410,50,419,49,419,52,432,52,439,49,447,47
27,41,28,49,30,50,34,51,41,52,42,53,74,53,80,51,84,48,84,42,82,40,79,38,35,37,30,39
149,41,149,49,152,51,156,52,164,52,167,53,181,53,186,50,188,47,187,40,184,38,179,36,157,36,153,37
78,42,78,47,83,52,97,53,99,54,99,55,106,55,108,52,128,52,129,51,131,51,135,49,135,42,133,41,128,39,93,38,85,39
0,41,0,58,14,58,18,56,22,52,21,44,15,41
237,45,237,50,241,53,257,54,264,53,264,42,258,41,242,42,238,43
236,45,236,50,240,53,283,53,287,52,289,50,289,43,286,42,279,41,241,41,238,43
