225,73,224,86,226,93,233,96,270,96,278,95,285,91,286,77,275,71,265,70,239,70,230,70
149,84,149,94,151,98,154,101,163,103,201,103,217,102,225,97,227,91,227,83,220,76,210,73,171,73,160,75,150,80
236,110,235,114,233,115,233,130,236,136,246,141,300,141,305,140,311,134,311,120,309,116,306,115,304,110,299,106,295,105,291,105,290,103,272,103,269,104,247,105
146,121,146,135,150,140,158,145,202,145,217,143,223,141,227,136,227,125,225,120,212,114,200,111,157,112,149,116
187,142,181,144,176,151,176,167,182,174,187,176,199,176,209,169,211,165,210,150,205,145,200,143
250,160,250,175,254,180,260,186,264,187,289,186,292,185,304,185,309,182,315,181,322,175,323,172,326,170,326,159,325,156,318,151,317,149,314,149,310,147,295,146,267,146,259,150,255,157
159,186,158,198,161,203,168,206,185,207,210,207,218,205,224,205,225,195,223,188,220,183,215,180,209,179,170,179,164,181
280,202,280,213,281,213,281,215,294,225,299,226,316,226,322,225,332,225,337,224,345,221,348,218,354,210,354,197,352,194,350,193,348,190,334,187,308,187,297,188,291,191,285,195
215,198,216,210,219,218,223,221,235,223,240,225,267,223,274,222,279,220,283,215,286,215,285,200,275,192,262,190,234,190,219,193
593,356,585,348,576,345,542,345,524,346,515,348,503,355,463,356,455,360,454,363,452,364,451,367,435,366,418,366,399,363,342,363,336,366,330,370,327,376,327,403,330,406,337,412,345,414,404,415,407,416,411,422,414,423,415,434,420,438,425,439,428,441,533,441,538,439,545,439,554,437,559,437,570,433,580,431,585,426,585,390,590,385,593,381
