109,0,106,3,106,14,109,16,110,18,116,22,121,22,123,24,127,25,143,25,146,21,151,19,155,16,155,3,153,3,152,0
426,30,426,37,431,41,446,42,461,42,466,39,466,31,465,29,448,27,431,27,428,28
115,88,115,98,120,102,124,103,165,103,170,102,174,98,173,86,170,84,163,82,125,82,120,83,117,86
258,86,257,111,259,113,261,115,264,119,272,122,285,126,294,127,435,126,450,125,469,120,471,117,476,116,477,115,477,100,480,98,480,81,477,81,471,77,461,73,435,72,398,72,368,73,363,72,297,72,273,75,263,80
109,110,109,126,114,130,121,132,161,132,170,131,175,130,180,126,181,116,180,111,172,106,164,103,142,103,120,104,114,106
9,121,9,128,10,131,14,132,22,133,42,133,55,132,57,127,57,121,50,116,17,117,12,118
50,121,50,125,48,126,48,133,50,135,55,138,62,138,66,139,99,138,110,136,113,133,114,123,111,121,107,120,65,119
105,142,106,157,114,163,119,164,163,165,171,164,180,157,180,142,178,138,169,134,119,134,112,136,108,138
188,179,189,199,194,200,199,209,204,212,224,212,230,208,259,209,265,206,270,206,271,207,292,207,295,207,302,202,305,202,309,200,315,187,315,171,311,166,305,161,300,160,244,159,241,160,233,160,227,162,223,162,220,164,204,164,197,170,193,171,192,176
347,174,347,195,349,195,349,198,355,206,375,211,410,211,420,214,470,214,485,215,533,216,544,219,550,219,578,219,590,217,601,213,607,212,607,209,612,207,612,199,615,198,615,180,611,176,608,175,603,170,598,169,594,165,589,165,584,162,580,162,575,161,569,161,566,160,550,160,547,159,525,157,497,157,485,159,479,159,470,158,383,156,377,157,372,159,368,159,360,161,352,167,350,172
639,172,606,175,602,177,603,185,597,186,597,200,595,200,595,207,597,207,598,212,601,215,606,217,636,217,639,216
11,187,11,200,14,203,21,206,50,206,57,205,97,206,106,204,110,199,110,190,108,187,102,184,68,181,23,182,17,183
558,282,550,281,540,274,532,272,516,272,515,274,510,274,509,275,505,274,490,274,489,275,484,276,482,277,460,277,459,279,444,280,443,281,434,281,430,282,428,282,421,290,420,305,423,308,428,311,432,311,438,313,474,314,475,313,481,313,485,311,500,311,511,309,515,306,545,306,558,302
236,284,234,288,234,293,239,298,245,299,257,299,264,296,265,294,265,286,260,282,242,281
188,288,188,294,190,296,193,297,218,296,220,296,223,293,223,287,220,285,216,284,195,284
548,284,548,300,550,303,555,304,555,305,564,305,565,304,574,304,579,303,585,300,586,296,586,289,585,285,580,282,572,280,560,280,555,281
624,287,621,289,621,296,624,299,639,300,639,286,628,286
514,276,507,276,504,274,491,274,490,276,485,276,483,277,460,278,460,279,445,280,444,281,435,281,431,283,429,283,421,293,422,305,427,309,433,310,439,312,472,313,473,311,498,310,510,308,514,305,515,303,517,303,517,290,515,286,515,281,514,280
624,295,624,297,620,301,620,316,623,318,626,319,639,319,639,295
548,305,545,308,545,316,552,320,558,321,566,321,571,319,576,319,581,315,580,307,574,300,557,300
430,316,430,328,435,331,441,332,443,334,446,335,466,335,470,334,474,334,475,333,483,333,488,331,496,324,495,315,490,311,486,311,483,310,480,310,478,307,459,307,455,309,444,308,433,313
189,329,189,335,192,338,207,338,212,338,215,336,217,335,217,328,215,326,209,325,194,326,190,327
424,337,422,343,422,353,425,359,424,376,425,379,429,381,434,382,435,384,447,385,478,385,485,382,492,382,498,381,500,379,510,377,511,361,510,358,514,353,514,339,508,335,505,335,504,334,492,334,478,331,477,330,475,330,471,328,447,328,446,330,440,330,432,334,427,335
425,362,426,377,430,380,435,381,436,383,449,384,476,384,483,381,490,381,496,380,499,378,508,376,510,375,510,362,509,360,504,357,504,354,456,354,453,355,432,355,431,356,429,356,428,359
