279,118,276,113,271,111,249,113,245,117,245,130,247,135,274,135,279,128
247,130,247,145,249,147,270,149,275,147,276,144,276,135,274,129,248,129
65,373,65,393,66,397,74,398,77,400,86,400,89,395,143,395,150,392,153,387,153,376,150,370,148,369,98,369,95,367,69,368
59,405,59,417,61,423,65,426,71,428,73,435,75,438,78,440,123,440,123,438,127,435,130,426,137,425,139,422,140,418,140,403,137,395,132,391,94,394,88,393,87,390,71,390,64,394,61,398
303,425,303,436,306,440,308,440,368,440,371,438,371,427,368,424,365,423,345,424,308,422
104,435,105,449,112,451,112,453,145,450,149,449,150,446,150,437,148,435,144,433,113,430
71,438,71,449,75,454,97,454,99,452,106,451,109,449,109,435,98,433,82,433,74,435
293,447,293,456,297,460,329,460,332,456,332,445,329,442,297,442,295,443
331,447,331,457,333,460,337,461,376,461,378,460,379,457,379,446,373,443,333,444
69,452,69,460,71,464,73,466,78,466,79,469,85,469,87,466,96,466,97,465,102,466,129,466,133,461,132,450,125,447,74,446,74,448,71,450
71,500,75,504,128,503,130,500,134,499,138,490,146,487,147,482,147,470,145,466,135,466,133,460,130,458,80,458,78,461,77,471,74,474,73,480,72,483
301,465,301,475,306,478,332,477,336,475,336,465,332,461,305,461
371,463,366,460,335,461,331,464,331,475,335,478,367,479,371,475
147,471,145,467,126,468,124,470,105,470,94,471,78,470,77,473,74,475,74,481,72,486,72,500,76,504,128,503,130,500,134,499,138,490,146,487,147,482
155,498,150,493,94,495,78,495,78,515,95,515,95,514,117,514,125,513,127,511,151,512,155,507
82,496,73,496,70,498,53,498,49,502,49,510,50,513,55,515,74,515,83,514
117,506,104,505,93,506,92,508,75,507,58,509,57,524,61,525,61,528,71,529,76,526,111,525,117,522
113,508,113,522,117,525,134,525,140,522,140,512,138,509,125,508,124,506,115,506
57,510,57,524,61,525,61,528,71,529,76,526,92,526,93,525,95,524,95,508,61,508,58,509
128,521,129,535,131,535,150,536,154,534,155,530,155,522,154,520,151,519,135,519
64,522,65,536,70,540,108,538,127,539,131,538,133,535,133,520,130,520,114,520,112,519,72,520,66,520,66,522
45,526,45,536,47,539,64,539,69,535,69,523,68,522,48,523
