363,6,363,17,365,20,370,21,405,22,409,21,409,16,410,15,410,6,405,2,368,2,365,4
363,6,363,18,365,20,370,22,395,22,405,23,408,25,413,26,429,25,440,27,458,27,462,24,462,11,460,9,455,6,410,5,406,2,368,2,365,4
11,134,11,146,15,150,110,150,115,147,115,133,109,129,55,128,40,130,15,130
109,134,109,147,113,150,118,151,196,152,198,150,200,148,200,137,198,134,194,132,171,132,167,130,149,130,136,132,114,131
199,137,199,150,202,152,206,153,260,153,265,152,268,150,268,138,265,135,203,133
327,140,323,135,319,134,295,135,268,135,263,138,263,150,268,153,274,154,321,155,326,152,327,150
460,145,460,155,461,159,466,160,479,160,479,140,464,140
464,286,459,283,416,284,411,287,411,298,413,300,418,301,458,301,461,300,464,297
302,291,302,301,303,303,306,305,344,305,348,301,348,290,345,287,309,286,304,289
306,291,304,289,300,287,283,289,246,288,241,292,241,304,244,307,281,307,303,305,306,303
146,295,146,309,150,310,181,311,187,310,189,307,189,295,186,293,150,293
151,296,146,295,123,295,120,297,120,310,128,313,147,312,151,309
124,297,118,295,104,296,100,300,100,310,102,312,108,314,116,314,121,312,124,310
103,299,98,295,49,297,46,301,46,312,50,315,99,314,103,310
479,416,450,417,435,420,431,424,431,435,436,437,453,436,465,438,479,438
360,430,360,439,361,441,365,443,400,443,403,441,405,439,405,429,403,426,400,425,364,425,362,425
229,440,229,450,230,453,233,455,278,455,280,454,283,454,285,451,285,438,283,435,280,435,233,435,231,435
107,464,115,466,165,465,170,464,173,460,174,450,173,447,170,445,126,445,113,447,108,451
33,457,34,471,47,474,98,471,103,469,104,466,104,455,99,451,68,452,45,450,39,452
0,455,0,476,33,476,37,475,40,470,40,462,38,456
468,548,465,545,461,545,438,545,431,546,428,549,413,550,396,550,390,555,390,564,391,566,391,570,395,570,430,570,433,568,435,565,461,565,466,564,467,562
434,549,395,551,390,555,390,563,391,565,391,569,429,569,433,567,435,565
368,560,368,570,371,572,386,573,392,572,396,569,396,555,375,555,370,558
325,566,326,579,349,580,353,580,355,577,355,565,353,563,333,562,330,563
330,570,330,565,323,564,283,565,279,567,276,571,276,581,278,585,282,585,296,585,308,586,323,586,328,584,330,580
260,576,257,572,247,572,244,574,215,574,210,578,209,590,211,592,218,594,256,591,258,590,260,586
123,593,123,606,170,607,175,605,176,601,176,590,175,588,171,586,130,586,125,588
129,597,128,592,125,591,45,593,41,598,40,613,42,616,47,618,60,618,67,616,120,615,125,613,128,609
