287,0,288,31,298,42,305,42,306,44,317,47,330,47,335,49,345,49,375,49,391,46,392,47,395,48,395,52,396,54,402,57,403,59,415,60,416,62,420,63,420,64,430,65,431,67,462,67,464,69,508,69,508,68,510,68,516,61,519,56,519,40,524,38,536,38,540,37,544,33,545,28,560,28,566,25,569,22,568,0
289,0,290,31,300,41,307,42,308,43,319,46,332,46,336,48,347,49,375,49,383,47,384,46,389,45,393,45,394,47,396,48,396,51,398,53,404,56,405,59,417,59,418,62,421,62,421,64,432,64,433,66,464,67,465,68,507,69,507,68,509,67,516,59,518,55,517,23,513,23,511,19,505,19,505,16,500,15,500,7,495,7,495,5,492,5,490,4,477,4,472,0
287,0,288,32,298,42,305,43,306,44,317,47,330,47,335,49,345,50,376,50,391,46,392,48,395,49,395,52,396,54,402,57,403,60,415,61,416,63,420,63,420,65,430,66,431,67,462,68,464,69,509,70,509,69,510,68,517,61,520,56,520,41,525,38,537,38,540,37,545,33,546,28,561,28,567,26,570,22,569,0
287,0,288,32,298,42,305,43,306,44,317,47,330,47,335,49,345,50,376,50,391,46,392,48,395,49,395,52,396,54,402,57,403,60,415,61,416,63,420,63,420,65,430,66,431,67,457,68,458,69,477,70,509,70,509,69,510,68,517,61,520,56,520,41,525,38,537,38,540,37,545,33,546,28,561,28,567,26,570,22,569,0
89,21,85,23,84,26,84,36,85,39,87,51,92,54,102,54,105,53,106,51,106,33,104,22,100,21
520,25,519,26,517,26,517,31,515,33,515,52,519,55,519,65,522,69,528,72,535,73,548,73,548,71,552,71,556,66,556,55,554,53,554,39,552,33,546,28,539,26
545,133,545,144,546,144,546,148,550,150,575,150,584,147,586,144,587,135,585,132,580,130,560,130
628,145,623,148,620,150,619,163,622,168,625,176,628,178,639,178,639,145
475,301,475,310,481,314,503,314,509,313,512,310,512,301,508,297,484,297,478,298
270,342,265,346,259,347,259,358,257,359,257,369,259,369,256,372,255,372,254,374,249,376,249,378,247,379,247,390,251,394,252,399,255,400,270,401,295,401,297,400,298,398,302,398,303,399,316,399,317,394,320,393,320,384,316,382,316,376,318,374,318,363,315,359,306,356,306,351,304,350,304,348,300,343,298,343,297,342,292,342,291,341,275,341
238,342,232,348,233,362,239,367,245,368,255,368,257,369,255,371,254,371,253,374,248,376,248,377,246,378,246,390,250,394,251,399,255,400,270,401,308,401,313,399,316,399,317,394,320,393,320,384,316,382,316,376,318,374,318,363,315,359,306,356,306,350,304,350,304,348,300,343,298,343,297,342,292,342,291,341,275,341,270,342,264,345,260,341
