119,37,115,32,111,29,104,27,85,28,75,31,55,34,53,35,50,36,44,41,44,54,47,57,56,60,74,60,83,59,110,58,113,55,115,51,117,50,119,48
123,30,121,31,119,34,118,40,116,42,116,50,118,51,119,55,124,59,130,61,146,60,146,50,145,49,145,47,147,46,147,43,149,42,149,37,146,36,139,30
140,36,139,50,138,51,138,61,139,62,139,62,141,62,142,64,145,64,147,66,152,67,156,67,160,69,166,69,170,70,194,72,197,73,199,75,208,75,208,69,210,67,211,66,211,62,214,61,214,53,213,53,213,51,212,50,211,41,207,41,205,40,182,39,179,38,167,35,149,35,147,36
72,96,72,105,75,109,79,111,119,110,125,109,129,106,129,101,127,94,125,92,121,91,80,91,75,93
126,97,124,101,124,106,126,109,128,113,142,113,142,111,144,111,144,109,146,107,146,102,141,97,137,95,131,95
214,104,211,101,208,99,199,97,180,96,173,97,146,98,139,100,137,108,136,107,125,107,121,108,110,108,106,109,102,112,102,114,102,125,106,130,108,132,111,133,134,133,139,132,172,132,177,130,182,126,187,124,197,124,205,123,214,118
468,208,460,202,451,200,410,200,393,202,357,201,353,202,338,203,334,205,334,206,327,212,324,216,323,224,323,242,325,247,331,254,335,254,338,257,346,259,372,259,376,258,391,258,417,254,445,255,451,252,452,251,456,251,462,248,472,237,472,221,468,221
359,297,355,294,351,294,320,295,316,298,315,306,319,309,326,311,346,311,354,310,358,308,360,305
317,316,317,324,321,327,326,328,350,328,354,327,358,323,357,314,354,312,350,311,327,311,320,313
310,339,311,348,315,351,364,350,368,349,371,346,370,338,367,337,363,336,320,336,313,337
