403,38,403,42,400,46,400,61,403,64,403,68,405,69,431,71,437,76,437,77,460,77,470,78,484,78,487,79,506,79,518,78,525,76,525,63,526,61,530,61,530,41,527,41,525,38,525,28,507,27,502,24,485,21,437,20,435,23,434,27,417,30,417,34,415,35,407,35
188,39,185,46,182,50,182,66,186,69,191,81,196,83,198,89,201,89,202,91,210,91,213,92,250,92,251,91,316,91,317,90,320,89,326,84,335,68,335,39,334,36,328,33,328,31,325,31,324,29,308,29,307,26,288,26,280,24,228,24,227,26,218,26,217,27,215,27,213,28,200,30,197,31
393,39,377,39,372,41,371,43,362,41,350,41,345,43,339,48,339,65,341,67,341,72,344,77,344,81,349,89,362,90,368,86,375,86,375,87,387,87,388,86,392,86,394,84,394,82,397,79,398,71,400,67,401,51,399,44
400,61,402,64,403,69,408,70,421,70,430,71,436,76,436,77,459,77,469,78,483,78,486,79,506,79,518,78,525,76,525,63,526,61,530,61,530,54,542,53,545,49,545,31,541,27,536,26,507,26,502,24,485,20,436,19,434,22,433,26,423,28,417,29,409,29,405,31,405,35,402,38,402,41,400,46
515,64,515,72,519,75,535,76,539,73,539,66,537,63,517,63
449,69,446,67,446,66,445,65,433,65,428,66,410,66,406,69,406,74,410,79,415,79,415,81,435,81,437,79,444,79,446,77,449,74
487,74,485,71,480,69,465,69,460,74,459,76,410,76,407,79,406,90,408,91,442,92,450,91,454,89,481,89,487,86
487,74,485,71,480,69,465,69,460,74,459,76,410,76,407,79,406,90,408,91,436,92,448,91,454,89,481,89,487,86
512,76,511,87,525,90,535,90,540,87,540,82,538,75,535,74,515,74
435,89,435,97,441,99,492,100,496,99,497,97,496,91,490,88,454,87,440,88,438,89
85,212,72,208,41,208,39,210,39,221,40,222,51,223,71,223,74,222,80,222,85,220
503,215,503,222,509,224,530,223,533,221,533,215,530,213,508,213
613,349,610,348,610,344,608,344,608,338,600,337,600,331,596,331,540,332,535,331,508,331,495,333,487,332,455,333,447,334,447,341,444,343,437,344,435,346,435,349,420,349,418,350,416,353,414,353,412,356,411,377,414,380,422,386,430,387,465,388,475,386,481,386,492,388,530,388,533,386,540,386,542,384,547,384,553,382,560,381,561,380,597,379,598,378,603,377,606,375,607,371,610,370,610,365,613,364
608,338,590,338,589,335,589,331,539,332,535,331,508,331,495,333,487,332,465,332,451,333,447,334,447,341,444,343,437,344,435,346,435,349,420,349,418,350,416,353,414,353,412,356,411,377,414,380,422,386,430,387,465,388,475,386,481,386,492,388,530,388,533,386,540,386,542,384,547,384,553,382,560,381,561,380,597,379,598,378,603,377,607,374,607,360,610,359,610,344,608,344
617,335,615,334,615,332,609,331,572,331,540,332,535,331,508,331,495,333,487,332,465,332,451,333,447,334,447,341,444,343,437,344,435,346,435,349,420,349,418,350,416,353,414,353,412,356,411,377,414,380,422,386,430,387,465,388,475,386,481,386,492,388,530,388,533,386,540,386,542,384,547,384,553,382,560,381,561,380,597,379,598,378,603,377,606,375,607,371,610,370,610,365,613,364,613,352,617,351
