416,26,416,38,426,41,439,41,443,37,443,28,441,25,434,23,421,24
308,28,308,38,309,39,323,40,334,38,335,36,335,29,333,25,312,25
270,268,271,277,275,280,296,280,300,279,301,276,301,266,299,264,275,264,271,265
271,266,266,263,220,265,216,269,216,277,219,280,223,281,256,282,266,280,270,278,271,276
243,284,243,293,247,296,286,296,291,294,291,292,291,283,288,280,249,280,244,282
216,285,216,295,218,298,233,299,240,298,243,295,243,286,240,282,218,282
294,300,290,295,273,296,270,300,270,307,271,310,276,312,289,312,293,310
213,300,213,310,216,313,240,313,243,310,243,300,241,298,216,298
244,300,244,309,246,312,266,312,269,310,269,300,267,298,248,297,246,298
226,315,226,326,228,329,276,328,281,325,281,315,278,312,235,312,228,313
276,336,275,335,271,334,238,335,235,337,235,346,237,349,241,350,273,349,276,346
263,351,263,360,265,362,286,363,290,360,290,351,287,349,266,349
239,352,239,361,241,364,259,364,263,360,263,352,260,350,241,350
220,353,220,361,223,365,236,364,239,361,239,352,237,350,223,350
261,366,261,375,264,377,276,378,280,375,280,367,278,365,264,364
231,367,231,377,234,379,260,380,263,375,263,367,259,364,236,364
220,381,220,390,222,394,281,393,288,392,290,390,290,380,288,377,286,376,253,376,222,379
