242,138,238,146,238,167,240,169,253,178,260,178,268,181,270,182,283,182,284,181,321,181,325,174,327,168,327,157,323,152,317,148,303,143,271,142,268,139,260,137,245,137
362,168,357,163,352,162,325,162,321,164,317,169,273,170,271,172,266,172,265,176,260,179,259,186,257,188,249,190,226,190,214,193,208,197,205,204,205,222,206,226,210,233,218,237,221,237,227,239,240,239,247,241,250,244,281,243,293,244,295,246,344,245,348,240,351,233,353,232,353,217,352,213,347,209,345,209,343,207,343,206,347,202,359,198,364,194,365,172
402,214,397,220,396,222,397,233,401,239,415,244,436,244,441,243,446,239,447,235,446,224,443,219,438,216,432,215,413,214
350,225,342,232,341,242,349,251,354,253,368,253,375,249,377,246,377,234,370,227,365,225
480,230,475,230,474,229,449,228,446,229,441,232,439,237,438,245,433,246,424,247,418,253,415,262,404,265,399,270,398,281,399,284,403,289,407,290,430,290,440,289,447,287,450,283,450,273,455,271,464,270,468,268,474,257,478,254,484,247,484,235
501,232,497,236,495,242,495,249,498,255,505,259,507,261,510,263,510,264,519,264,520,262,535,261,539,255,539,252,540,251,540,244,539,242,539,240,534,235,524,231,506,231
245,241,244,253,245,256,250,259,282,261,302,260,309,255,309,241,305,238,305,236,300,236,299,234,255,234
530,245,526,254,524,256,511,256,510,257,508,257,507,260,501,265,501,279,509,289,513,289,514,290,525,290,525,292,540,292,540,290,544,288,547,292,552,293,568,293,573,286,573,271,578,265,578,254,575,249,572,247,563,245
304,253,304,264,308,269,315,271,349,272,355,270,360,266,360,256,354,250,347,249,320,249,310,250,305,252
549,269,548,273,545,278,545,285,550,290,552,292,566,292,571,285,571,274,570,269
440,278,439,289,440,294,445,298,450,299,474,298,480,295,485,291,485,280,483,276,479,274,454,274,444,276
511,284,509,288,504,292,502,295,502,303,504,305,511,310,516,311,528,311,535,309,538,309,538,302,540,301,541,299,543,299,543,292,538,288,538,284
533,290,533,299,531,299,530,309,532,310,533,312,540,316,545,317,548,319,569,321,580,315,580,303,578,299,574,297,569,295,555,296,551,295,549,293,545,292,543,290
