221,57,222,88,227,95,235,100,245,103,309,104,325,103,327,102,435,102,443,102,445,100,465,100,467,99,476,99,480,97,481,97,490,87,490,54,488,51,484,48,482,45,480,45,479,44,475,44,473,42,456,42,454,41,440,40,371,40,368,41,355,40,288,40,281,41,250,42,236,44,229,48,228,51,222,54
287,190,287,193,285,194,285,211,287,221,293,227,301,231,314,233,377,234,398,232,415,230,420,227,421,225,424,224,425,222,428,215,428,199,426,195,425,195,424,190,420,188,418,188,417,186,413,184,400,182,384,181,380,180,352,181,346,180,315,180,305,181,304,183,295,186
213,287,214,298,219,301,225,302,320,301,325,298,329,295,328,283,325,280,320,279,234,279,220,281,216,283
169,287,168,296,170,299,175,302,199,302,204,301,209,297,210,289,207,286,201,283,178,282,173,284
201,308,201,317,205,321,212,322,313,321,322,318,326,315,326,304,322,301,316,300,263,300,257,301,212,301,207,302
177,305,171,310,172,319,177,322,192,322,195,321,200,317,200,309,196,305,191,304
273,325,273,334,275,336,283,338,315,338,320,336,325,332,325,325,324,323,320,321,286,320,278,321
259,325,255,322,243,321,208,322,181,321,175,322,171,325,170,327,170,337,171,340,176,342,203,342,230,341,249,341,255,339,259,336
329,343,324,340,319,338,287,339,281,340,277,342,278,356,287,358,319,358,324,357,329,352
190,344,190,353,192,354,192,358,200,361,242,361,279,360,287,356,285,342,277,340,202,341,193,344
178,342,174,344,171,348,171,356,175,360,178,362,191,362,200,358,198,345,196,343,190,342
330,364,325,360,318,358,230,360,224,362,219,366,219,376,220,378,226,382,246,382,255,381,294,382,303,380,317,381,322,380,328,377,330,374
171,367,171,376,175,379,180,381,203,381,207,379,212,375,212,368,209,364,203,362,180,362,175,363
172,387,172,396,175,399,180,401,225,402,231,400,235,396,235,385,231,383,224,381,182,381,176,383
