260,19,257,15,252,12,226,10,200,11,189,13,101,13,96,15,95,18,95,34,96,37,101,40,121,41,207,41,212,39,250,40,256,38,259,35
256,20,256,32,260,36,263,37,314,36,317,35,320,30,319,18,317,15,314,14,264,14,258,16
53,20,53,34,60,38,90,38,96,36,101,31,101,20,95,15,58,16
135,51,144,57,172,57,173,55,204,55,210,52,211,50,211,38,210,35,206,32,141,32,136,37
53,39,53,49,59,56,80,55,104,55,110,54,115,50,115,38,111,35,107,34,98,35,83,33,72,35,57,35,54,36
111,40,111,50,113,53,116,55,129,55,133,55,139,50,141,50,141,38,136,35,134,33,123,33,122,35,115,35
53,56,53,69,60,76,107,77,117,75,169,75,173,75,176,69,176,55,172,49,144,49,141,50,69,50,68,49,58,49,54,54
179,72,176,68,172,65,101,67,98,68,98,70,94,75,94,85,101,91,171,91,174,90,179,86
53,75,53,84,54,87,60,90,67,90,72,92,90,91,96,89,99,85,99,74,95,68,60,68,56,70
326,105,323,101,319,99,286,100,252,100,247,102,245,105,245,118,250,122,320,122,324,120,326,117
93,107,93,119,95,121,100,124,117,124,122,125,122,126,130,126,130,125,150,123,153,121,156,116,156,106,153,102,150,100,103,100,96,103
247,105,245,101,241,99,226,99,217,100,160,100,155,101,153,104,153,118,154,120,160,123,182,123,186,125,242,123,245,120,247,118
53,106,53,118,54,120,59,123,91,123,94,121,96,117,96,106,93,103,90,101,58,101,54,104
112,123,112,137,119,143,166,141,218,141,222,139,223,136,223,123,221,120,217,118,122,118
56,125,56,136,60,140,82,141,89,136,89,126,86,123,76,120,63,120,60,121
85,126,85,136,88,142,109,143,114,137,115,137,116,135,115,125,107,121,90,122
158,140,153,135,136,136,133,135,117,134,115,136,112,136,111,135,87,135,84,136,58,137,57,138,54,142,54,155,56,158,63,160,118,160,137,159,151,160,156,157,158,154
