156,0,156,3,158,3,159,4,167,5,175,6,205,6,210,3,210,0
110,26,110,31,112,33,118,35,142,35,150,33,150,26,146,23,141,22,118,21,114,22
143,25,143,33,144,34,150,36,185,37,192,34,192,25,187,23,151,22
137,60,137,67,143,70,175,70,177,70,180,67,180,61,177,58,168,57,142,57
470,124,467,126,465,131,465,161,464,163,464,175,467,180,470,182,480,182,485,179,488,171,490,130,487,126,485,125
409,139,403,143,405,185,405,188,409,190,419,190,424,187,425,184,425,145,423,141,420,140
348,162,337,170,335,173,335,180,338,184,345,187,347,201,350,202,360,202,364,198,364,167,361,163
598,181,595,185,595,195,599,199,605,203,613,204,639,204,639,177,612,177,600,179
533,192,530,198,530,207,535,211,543,214,550,214,575,214,578,214,583,210,585,207,585,196,580,191,569,189,541,189,535,190
302,185,299,186,297,188,295,196,294,212,297,212,303,216,311,216,313,215,315,210,315,190,313,186,310,185
480,204,480,213,482,215,482,220,490,220,497,221,525,221,531,218,534,215,534,202,530,200,523,197,510,196,493,197,485,200
489,204,460,205,455,206,450,211,450,222,453,222,458,225,462,225,480,225,484,224,491,219,491,213,489,210
