0,4,0,58,5,58,13,59,36,59,60,58,85,58,87,57,104,56,114,54,133,54,135,53,148,53,149,52,158,52,160,50,160,49,164,48,166,47,167,38,169,37,170,36,170,22,160,22,160,19,155,18,155,10,153,9,150,6,148,6,145,4,117,4,115,2,98,2,51,2,50,4,47,4,45,2,21,2,20,4
370,26,366,28,365,31,365,43,367,46,367,58,369,60,376,63,406,62,419,61,424,58,426,41,426,31,421,26,408,23,385,23
444,41,444,47,448,51,451,51,482,51,495,50,500,49,503,46,502,40,500,38,495,37,454,37,450,37
587,29,586,32,583,33,578,38,575,39,575,40,573,41,573,44,570,44,570,46,568,47,569,59,570,60,576,60,576,61,574,62,574,70,575,71,575,73,577,73,578,74,592,74,593,77,599,78,604,81,608,82,639,82,639,26,635,25,635,23,620,23,617,25,610,25,610,32,607,32,607,28
0,120,0,164,36,165,46,166,83,166,89,166,95,163,99,163,103,165,110,165,122,167,166,167,173,169,190,170,200,171,234,171,235,172,282,172,294,175,299,178,300,180,343,180,351,179,353,178,354,176,356,174,359,174,362,172,372,168,375,165,377,165,381,159,381,138,377,138,376,137,370,137,368,133,365,133,365,131,349,131,347,129,343,129,342,128,336,128,335,127,305,127,297,128,294,130,287,127,275,127,245,127,242,127,235,127,188,127,180,126,175,124,166,122,125,122,116,124,94,124,85,121,83,121,78,120,45,120,41,120
0,120,0,164,36,165,46,166,83,166,89,166,95,163,99,163,103,165,110,165,122,167,166,167,173,169,190,170,200,171,234,171,235,172,282,172,294,175,299,178,300,180,343,180,351,179,353,178,354,176,356,174,359,174,362,172,372,168,375,165,377,165,381,159,381,138,377,138,376,137,370,137,368,133,365,133,365,131,349,131,347,129,340,129,336,128,335,127,305,127,297,128,294,130,287,127,275,127,245,127,242,127,235,127,188,127,180,126,175,124,166,122,125,122,116,124,94,124,85,121,83,121,78,120,45,120,41,120
366,145,367,161,370,163,370,164,375,166,380,170,392,173,427,173,430,176,449,176,455,175,463,175,471,174,474,172,481,169,490,164,490,143,485,139,479,137,475,134,469,134,465,131,450,130,400,130,389,131,375,135,373,135,373,139,371,139,371,144
509,148,510,162,512,165,520,169,521,169,530,173,535,175,550,176,603,176,613,175,620,173,626,171,626,170,631,167,634,163,633,146,622,138,615,136,570,134,540,134,530,135,523,137,513,143
374,189,370,190,366,196,368,215,370,216,374,216,375,217,385,217,391,212,390,194,386,189
238,221,235,222,230,225,230,234,231,235,233,239,233,255,235,257,235,259,236,260,250,260,254,255,253,238,257,232,257,227,250,222
88,297,81,300,80,302,81,309,90,314,108,315,110,312,116,307,115,300,110,297,105,296,94,296
