0,19,0,43,19,44,28,40,34,36,35,33,35,26,34,23,27,19,20,18
330,24,330,39,335,42,348,45,407,45,408,46,453,46,454,44,457,44,505,43,507,42,510,38,509,24,506,21,500,19,453,19,448,18,405,17,365,19,340,18,335,20
66,42,66,57,68,59,71,61,78,62,85,66,109,66,111,64,127,63,145,65,182,65,190,67,210,67,211,66,215,66,219,64,230,64,234,63,249,62,256,54,256,42,250,35,245,33,143,33,116,32,78,33,70,38
350,41,350,54,351,54,354,56,400,57,417,56,425,54,425,39,419,39,418,38,409,38,362,38,351,38
484,61,476,61,475,59,461,59,460,58,456,58,455,57,450,56,440,56,437,58,367,59,362,61,360,63,357,63,356,65,355,65,355,73,357,73,357,77,366,79,410,79,415,78,446,78,480,77,484,77
493,63,487,59,461,59,460,58,456,58,455,57,450,56,440,56,437,58,367,59,362,61,360,63,357,63,356,65,355,65,355,73,357,73,357,77,366,79,410,79,415,78,446,78,480,77,490,75,493,73
0,69,0,101,40,101,42,100,42,98,47,94,48,89,50,88,49,79,44,74,37,72,34,72,29,70,25,67,25,64,14,64,12,65,11,67,7,67,6,69
30,93,29,123,31,124,32,127,44,134,52,134,60,136,86,137,121,137,122,138,127,138,128,139,132,140,172,140,178,138,191,140,279,139,285,137,289,137,291,134,298,134,298,127,302,126,302,102,299,96,299,77,295,72,286,69,241,68,235,69,216,69,209,68,165,68,163,69,140,69,131,68,96,68,90,69,80,73,79,84,68,84,68,86,64,87,63,88,51,88,50,89,39,90,36,92
639,72,634,72,630,71,613,71,611,72,608,72,607,73,576,73,510,75,501,77,494,80,494,92,496,93,495,109,500,109,505,112,507,116,515,117,622,117,625,116,639,116
507,82,484,78,424,80,415,81,412,82,402,89,402,98,405,99,406,108,410,109,415,111,422,113,475,113,496,112,504,110,508,107
283,87,282,91,280,93,280,100,284,107,295,113,330,115,330,114,345,112,355,106,354,89,350,85,343,83,331,80,305,81,290,83
0,96,0,118,27,119,36,118,45,116,48,116,49,100,44,98,42,97,21,96,21,97,19,98,18,97,15,96
496,116,496,128,500,129,500,130,505,135,513,137,516,139,592,139,599,138,639,138,639,108,624,109,620,108,601,108,590,109,585,108,562,108,555,107,509,107,503,110
639,128,613,128,610,127,588,127,585,128,580,128,577,129,572,129,571,128,552,128,551,129,514,129,512,131,501,135,500,139,499,140,499,155,500,166,513,173,522,175,639,175
330,142,330,162,332,164,332,168,335,174,340,178,347,179,355,181,379,181,380,180,396,179,432,179,440,180,494,180,495,179,496,179,497,178,508,173,513,166,513,161,515,158,514,137,512,135,499,130,489,129,411,128,397,125,371,125,354,127,346,129,340,134,335,135
174,152,167,147,155,141,136,139,110,139,57,141,42,145,41,146,35,150,29,158,29,176,30,180,33,181,36,186,39,186,42,188,50,189,73,189,78,188,130,188,158,186,158,183,168,182,174,174
547,174,547,191,564,193,639,193,639,171,608,173,602,171,562,171
433,176,433,185,434,188,436,189,437,191,440,193,453,194,639,194,639,170,610,171,605,170,560,170,550,172,544,172,540,171,491,170,490,169,445,170,440,171
350,181,350,190,353,193,358,194,425,194,430,193,433,191,434,188,435,187,435,179,434,179,433,176,429,174,424,174,375,174,373,172,370,171,358,171,358,173,352,176
286,285,277,284,254,285,247,287,245,290,240,298,240,303,239,307,239,317,240,317,240,323,242,325,243,331,245,335,251,337,270,337,273,336,285,336,288,335,291,332,295,323,295,311,294,307,294,303,292,301,292,292
