294,71,289,75,287,83,282,86,279,90,278,172,282,180,287,186,305,187,306,184,309,183,313,177,313,172,313,158,311,152,310,126,311,77,309,74,306,71
219,95,217,96,213,102,213,110,211,117,211,142,213,157,212,165,211,168,212,196,213,200,220,206,235,206,237,205,240,196,240,177,237,152,241,124,240,106,238,99,234,95
380,225,380,235,382,239,394,244,409,244,419,241,426,236,428,232,431,232,431,231,431,221,428,219,422,217,415,211,391,212,383,218
329,229,330,239,336,244,337,247,342,247,343,248,368,248,373,246,376,246,380,242,380,223,376,220,372,219,339,219,335,221,331,225
157,272,153,270,144,270,133,272,119,273,113,278,113,286,117,289,136,289,149,287,156,284,157,282
411,307,411,325,413,328,417,329,427,331,466,330,470,329,474,322,474,313,472,306,470,304,462,302,449,300,421,301,415,303
0,376,0,384,5,390,31,389,33,388,37,384,36,373,30,370,4,371
169,376,168,374,162,372,131,372,125,376,125,387,126,389,133,393,141,393,145,395,161,395,169,387
611,377,598,377,587,380,585,382,584,388,581,389,543,388,537,391,537,402,540,404,551,405,609,405,611,404
586,529,585,538,588,545,611,545,611,526,595,525,588,527
