258,84,259,92,262,94,269,94,345,94,348,95,390,95,393,94,395,92,395,85,395,83,390,81,329,81,325,80,289,80,286,79,269,78,260,80
185,96,185,105,191,107,224,107,249,108,319,108,335,109,412,108,434,109,472,109,476,108,479,107,480,105,480,97,475,94,470,93,397,93,373,92,337,93,315,92,280,92,265,91,243,91,240,92,217,91,214,90,194,90,190,91,185,94
245,109,245,116,247,118,254,119,405,120,417,120,420,119,422,117,422,109,420,107,417,106,390,106,386,105,340,105,320,106,313,105,287,105,252,104,247,107
217,128,217,134,221,137,224,137,265,137,269,136,271,134,270,126,265,124,226,124,221,125
344,128,345,136,350,138,417,138,452,139,457,137,460,134,460,128,457,126,454,125,417,124,412,123,353,124,348,125
190,137,186,141,187,149,191,151,197,152,205,152,209,151,215,147,215,140,212,138,206,136,195,136
219,140,219,146,221,148,225,149,264,150,269,149,271,146,271,140,270,138,265,136,248,137,244,136,228,136,222,137
330,141,330,146,336,146,337,149,341,149,345,150,389,150,395,149,398,146,397,139,392,137,362,137,359,136,349,136,344,137,341,138,335,139,335,141
443,141,443,147,445,149,462,150,471,149,474,148,475,141,470,138,453,137,445,139
357,154,357,160,361,163,364,164,391,164,402,161,404,159,404,152,401,151,369,150,361,151
