543,33,543,45,546,49,553,52,593,51,600,50,606,45,606,36,599,29,596,29,595,28,570,27,548,30
327,221,327,230,332,233,392,233,397,231,397,220,390,218,357,218,353,219,331,219
390,220,390,231,402,232,403,233,411,233,416,232,438,232,445,230,445,220,440,218,399,217
57,263,57,272,61,275,126,275,141,273,162,273,167,270,167,261,164,258,161,257,147,257,140,258,129,257,128,256,97,255,96,256,94,256,91,258,62,260
317,273,317,281,320,284,345,283,379,285,440,286,445,284,447,281,447,272,440,268,417,269,396,267,344,266,338,269,320,269
265,275,261,272,255,270,223,271,208,275,200,281,200,296,208,299,220,299,237,295,255,292,258,291,265,285
50,290,51,301,58,304,165,304,169,303,172,300,172,290,170,287,165,285,141,285,135,284,111,284,102,285,95,284,63,283,55,286
1,291,0,292,0,321,4,325,14,325,18,321,25,311,25,300,23,296,15,292
197,316,197,326,204,330,221,329,229,327,231,325,231,318,228,314,223,313,217,313,215,311,204,311,199,313
405,331,399,327,361,328,356,330,354,331,353,340,355,343,361,345,365,345,370,349,387,350,390,345,400,344,405,342
0,334,0,342,5,344,29,344,34,341,34,335,30,333,4,332
539,353,531,355,529,358,524,369,521,379,522,402,523,405,530,414,533,416,554,416,564,413,567,409,570,408,575,400,576,394,575,370,572,365,571,360,570,357,566,355,559,353
453,375,440,381,437,385,437,398,441,402,445,403,451,406,470,407,471,406,478,405,480,403,483,398,485,396,486,382,485,382,475,375
88,392,88,400,89,401,94,403,127,403,131,401,133,400,133,392,130,389,127,388,99,388,91,390
