620,170,615,173,615,185,613,188,613,198,619,201,623,201,625,203,639,203,639,170
241,183,240,190,238,191,239,203,245,205,254,206,271,206,275,205,279,203,280,191,278,190,278,185,276,183,270,181,246,181
197,194,197,203,201,209,208,213,216,213,217,207,223,208,223,213,232,213,245,203,245,191,241,191,240,189,202,189
490,193,490,204,492,206,495,206,495,208,540,206,545,205,546,203,546,194,539,191,496,190,492,191
554,196,554,203,557,206,557,208,596,208,600,208,603,205,602,195,600,193,592,191,565,191,555,193
480,211,480,226,482,226,484,230,488,231,489,233,492,233,499,236,507,236,509,237,530,236,531,235,539,234,540,231,552,223,552,208,550,206,541,204,525,204,520,203,517,202,491,201,490,203,483,206
545,209,545,218,546,218,546,223,555,226,564,228,595,227,604,225,608,220,608,211,605,206,600,205,598,205,597,203,557,203
30,211,30,220,31,221,36,223,72,224,78,221,78,213,75,210,72,209,62,208,36,207,31,208
100,223,99,226,99,235,101,241,125,240,131,238,134,236,135,224,130,220,123,218,110,218,106,221,104,221
280,231,280,240,284,245,288,246,332,247,337,246,339,244,339,235,336,233,319,228,286,228
367,251,366,271,375,271,379,273,379,276,390,276,392,275,395,275,401,271,407,271,409,269,410,251,408,249,394,246,375,246
294,293,293,303,295,305,301,306,318,307,323,305,323,296,319,293,314,291,298,291
