422,118,423,130,440,133,441,135,449,135,450,136,460,136,461,135,475,135,476,133,503,133,506,127,506,120,505,117,502,116,495,114,450,114,425,116
355,122,355,129,356,131,360,133,368,133,374,134,389,133,396,131,400,128,400,119,397,117,392,116,364,116,360,117,355,121
506,144,500,141,473,142,471,143,471,149,475,151,503,151,506,149
207,157,207,165,210,167,214,169,270,169,275,166,275,157,270,154,268,154,246,153,242,152,221,152,212,153,210,154
560,194,562,206,566,206,570,209,578,209,579,207,605,207,610,204,612,202,612,195,609,191,605,190,571,190
100,205,101,216,105,218,114,220,125,220,131,219,156,219,162,217,167,212,167,202,161,197,157,196,112,196,105,199
416,207,416,219,420,224,425,226,523,225,532,223,537,219,537,206,535,204,530,202,438,201,420,203
227,220,228,230,234,234,239,234,245,236,255,236,257,236,259,234,292,234,296,232,298,229,298,220,296,217,291,216,267,216,259,215,235,215,230,217
367,222,367,227,372,231,375,231,395,231,402,230,404,228,403,221,397,217,395,216,393,215,390,215,389,214,380,214,379,215,376,215,376,216,370,219
113,227,113,234,117,239,151,239,160,237,163,234,163,227,160,224,158,222,120,222,116,224
115,237,115,244,119,247,148,247,153,245,153,237,151,235,118,235
266,241,266,247,271,251,280,252,280,253,291,253,296,252,315,252,320,249,320,241,317,239,312,238,280,237,272,237,269,239
264,259,265,267,270,271,315,271,321,269,324,267,323,259,318,255,310,253,296,252,292,251,280,251,268,254
459,296,459,303,460,305,465,306,491,306,499,303,498,295,490,293,466,293
357,378,357,388,360,390,375,390,378,391,392,393,407,393,417,391,421,387,420,378,417,375,414,374,405,373,380,373,371,375,360,375
