395,178,395,186,398,188,400,188,417,188,448,189,453,188,455,185,455,180,453,177,449,176,403,174,398,176
571,180,570,193,577,198,579,198,582,201,610,200,611,199,634,200,639,199,639,172,624,172,610,171,586,172,578,174
524,181,525,193,535,195,557,195,564,193,566,191,567,181,565,178,560,176,533,176,529,177
472,186,473,196,476,198,480,200,522,200,527,198,535,194,535,188,532,187,531,182,525,181,525,180,480,180,474,183
406,189,405,192,405,201,408,205,418,207,434,207,442,204,445,198,445,192,440,188,430,186,415,186
296,183,280,194,280,200,278,200,278,208,280,208,281,211,285,211,296,213,313,213,319,212,324,208,325,192,319,187,314,187,314,185,311,184,311,182
263,192,259,190,252,189,220,190,215,191,207,195,205,198,205,208,208,210,208,215,217,220,252,219,262,216,266,212,267,210,267,201,265,195
206,210,205,210,205,208,200,205,192,203,170,203,163,204,150,204,136,206,130,209,129,211,129,222,131,224,135,226,145,227,185,225,197,223,205,219,206,216
78,266,74,261,66,259,33,259,21,262,15,266,13,268,13,278,18,282,20,282,22,284,70,283,78,279
260,278,259,290,261,293,270,294,289,295,291,294,300,293,304,290,304,278,295,274,284,273,267,273
402,318,402,326,409,329,431,329,437,328,443,325,443,318,438,314,435,314,411,314,404,317
