51,26,48,31,48,35,48,52,52,65,63,81,68,85,78,86,82,84,85,78,85,61,82,53,77,45,76,40,74,36,74,34,70,28,66,25,55,25
82,80,80,83,80,88,79,91,79,110,82,120,87,125,101,125,109,123,111,121,113,117,113,103,111,99,108,95,107,88,103,82,96,77,85,77
148,125,148,135,151,135,152,138,152,148,159,148,160,146,183,145,187,141,189,135,189,127,185,120,179,118,160,117
120,140,121,151,125,155,130,158,140,158,148,156,158,148,158,139,156,138,155,125,146,124,146,122,138,122,131,124,126,126,122,131
100,149,93,140,84,135,74,135,73,133,59,133,53,135,15,135,6,139,5,144,5,156,8,166,13,171,13,174,55,173,57,174,58,175,78,175,80,173,100,168
175,166,173,165,166,164,148,164,144,166,132,167,128,170,117,172,116,181,118,187,141,185,148,183,154,184,158,186,165,186,167,184,170,183,172,178,175,175
175,166,173,165,166,164,148,164,144,166,132,167,128,170,118,171,116,173,105,172,101,174,100,177,100,188,103,190,119,190,123,187,128,187,131,185,141,185,148,183,154,184,158,186,165,186,167,184,170,183,172,178,175,175
35,175,35,190,37,195,42,196,58,196,61,194,67,193,68,191,73,190,76,186,76,183,76,174,75,174,75,172,71,172,70,167,69,165,42,165,40,165,39,170
110,211,105,210,103,208,105,205,105,193,101,186,98,185,86,185,73,189,63,189,58,194,55,203,48,201,25,202,14,206,13,210,13,225,13,227,18,231,25,232,27,234,60,231,74,235,108,234,108,226,110,225
158,186,155,185,141,185,126,187,120,192,119,207,122,210,128,213,139,213,153,210,159,203
13,210,14,226,20,231,25,231,28,233,37,233,44,231,60,230,75,235,104,233,105,210,104,210,101,206,66,207,64,206,63,205,56,205,47,202,36,202,20,205,16,207,15,207
13,210,14,227,18,231,25,232,28,234,60,231,75,235,108,234,108,226,110,225,110,212,105,210,101,206,67,207,65,206,64,205,56,205,48,202,36,202,20,205,16,207,15,207
100,237,99,241,99,255,101,257,101,261,104,264,105,266,111,266,112,271,119,271,120,273,124,275,125,283,127,284,128,288,148,288,156,290,168,290,171,288,172,270,168,261,165,261,164,259,161,258,158,255,156,255,155,251,146,251,145,247,141,246,138,243,135,243,135,240,130,240,127,238,115,233,105,233
116,265,115,267,113,268,97,268,96,270,93,270,93,275,90,277,90,298,91,300,92,320,93,323,93,330,90,342,90,363,91,364,91,370,95,378,95,416,96,420,101,422,100,425,97,425,96,434,94,522,95,527,98,536,105,544,105,547,106,549,125,550,129,549,134,545,134,541,136,539,136,533,136,481,134,460,135,445,135,417,134,409,133,381,135,371,135,345,133,316,135,307,138,303,138,277,135,277,135,274,133,273,132,265
131,266,116,266,116,268,108,270,108,275,104,275,104,296,103,297,102,319,101,322,97,322,97,325,94,330,91,343,91,361,92,362,92,369,94,372,94,375,96,377,97,382,101,382,102,384,103,415,101,416,102,445,104,447,96,448,96,489,95,495,95,520,95,525,98,535,101,538,102,538,103,540,105,542,105,545,108,548,128,547,133,543,133,540,135,537,135,531,135,482,133,460,134,444,134,418,133,410,132,377,134,370,134,345,131,315,133,314,133,305,136,301,137,278,134,278,133,275,131,274
116,265,115,267,113,268,97,268,96,270,93,270,93,275,90,277,90,298,91,300,92,320,93,323,93,330,90,342,90,363,91,364,91,370,95,378,95,416,96,420,101,422,100,425,97,425,96,434,94,522,95,527,98,536,105,544,105,547,106,549,125,550,129,549,134,545,134,541,136,539,136,533,136,481,134,460,135,445,135,417,134,409,133,381,135,371,135,345,133,316,135,307,138,303,138,277,135,276,135,273,133,272,132,265
