230,105,230,113,232,115,234,116,279,117,282,114,282,105,278,103,232,103
113,410,113,426,118,433,126,436,221,436,230,435,259,435,267,433,272,430,275,425,274,404,271,400,265,397,240,397,232,399,193,399,163,397,157,395,134,395,128,398,125,398,119,401,115,405
274,418,275,435,279,438,297,439,298,440,298,448,302,454,343,455,346,457,358,460,379,460,385,456,385,453,389,444,405,444,411,443,416,440,416,427,412,424,411,416,406,413,279,413
421,420,418,417,417,410,411,406,272,406,267,411,267,441,262,439,248,438,245,436,218,436,204,438,195,438,189,436,147,436,138,437,131,441,123,442,117,447,113,453,112,461,112,490,115,497,123,506,133,511,152,514,156,516,181,516,182,514,186,514,187,515,213,515,214,514,218,513,259,512,267,508,271,507,277,500,282,492,283,483,285,480,300,479,330,479,346,476,350,474,351,465,385,465,391,462,391,459,395,450,411,450,419,448,421,446
342,450,341,445,303,444,300,451,295,455,262,455,262,467,264,468,264,473,267,475,275,475,277,472,307,470,321,470,338,468,341,465,342,462
115,465,115,487,117,491,124,501,136,508,155,510,159,513,178,513,178,510,189,510,190,512,209,512,211,510,215,510,256,509,263,505,267,504,277,494,280,486,280,463,278,458,275,458,273,456,273,450,258,442,245,441,242,440,222,440,208,441,192,441,186,440,142,440,134,445,128,445,123,447,118,454
259,470,262,471,262,476,264,478,278,478,280,475,295,474,325,474,341,471,345,469,346,458,357,460,380,460,386,457,386,454,390,445,406,445,414,443,416,441,416,426,413,423,412,415,406,412,278,412,273,417,274,435,278,439,296,440,297,441,297,449,295,451,259,452
379,501,379,510,380,511,385,514,404,514,407,513,410,510,410,503,408,500,405,499,382,499
198,499,198,518,213,520,230,520,245,518,257,518,262,515,262,505,257,501,228,498
156,509,157,518,164,520,199,520,206,518,204,501,165,502
162,510,154,506,121,507,117,510,117,519,119,521,130,522,155,521,162,519
326,510,327,520,336,523,362,522,366,520,367,519,367,511,366,510,362,508,330,507
