242,45,240,51,240,70,242,73,250,79,260,82,293,83,301,82,303,81,321,81,327,82,334,82,346,85,355,85,368,87,391,87,400,85,409,82,414,79,417,74,418,54,416,49,410,39,398,34,384,33,380,31,373,30,314,30,265,32,253,34,245,40
387,104,381,95,375,92,345,91,340,92,279,93,272,95,268,98,265,101,265,112,269,117,276,122,304,122,310,121,369,122,377,121,385,117,387,114
268,125,268,135,270,138,277,142,285,144,373,146,380,144,385,142,389,138,388,126,381,120,371,118,312,116,309,116,308,115,276,115,276,117,271,120
261,148,261,157,263,159,267,162,275,163,302,163,305,162,312,163,357,163,362,164,380,164,389,162,390,159,390,151,389,148,382,145,359,145,352,143,329,143,306,144,304,143,298,142,274,142,266,143,262,146
300,146,300,159,308,162,354,162,360,161,360,147,356,145,350,144,309,144
300,146,300,160,308,162,358,162,363,164,380,164,388,161,390,158,390,151,388,148,381,146,360,146,351,144,309,144
556,154,556,161,560,164,563,165,563,166,572,166,574,165,599,166,600,164,604,164,605,163,605,154,600,151,566,150,559,152
174,159,175,168,180,170,187,172,196,172,202,171,232,171,237,166,236,155,235,153,227,151,199,150,185,151,180,152,177,154
561,166,561,171,562,173,565,174,574,175,595,175,598,175,602,172,602,166,599,163,599,161,564,161,564,163
180,172,178,175,178,193,180,198,193,200,223,201,231,199,233,197,235,183,235,174,232,172,220,169,186,169
560,274,560,281,562,284,567,286,582,286,585,284,588,282,588,275,585,272,571,272,562,273
