129,46,128,45,126,39,123,35,119,32,116,29,113,29,111,27,97,27,91,29,88,33,84,34,82,37,75,38,66,41,62,41,58,44,55,45,51,49,49,49,48,51,45,51,43,52,42,54,41,54,41,56,40,57,38,59,37,64,37,89,38,95,40,99,42,101,70,101,72,100,82,100,87,97,92,97,95,95,98,95,102,92,104,92,106,90,108,90,112,87,118,87,119,85,123,85,127,80,130,72
20,150,20,177,21,183,25,188,31,193,32,195,37,196,56,196,61,194,67,194,71,192,80,192,89,189,101,188,102,187,108,187,110,186,119,186,125,183,137,183,141,182,187,181,218,182,276,182,294,186,319,186,325,188,326,190,361,190,367,188,372,184,374,180,374,141,366,132,363,131,360,128,354,126,329,126,315,123,283,124,278,122,270,122,269,121,267,120,216,120,214,121,201,121,200,120,178,119,176,118,113,117,106,117,103,119,95,121,82,121,77,123,61,124,59,126,55,127,35,128,30,132,24,138,22,141
176,179,174,180,171,184,171,186,168,188,166,192,163,195,163,214,165,215,165,228,167,230,167,236,168,236,168,238,174,248,176,253,183,254,183,258,185,259,200,259,204,257,205,253,207,251,207,244,208,243,208,235,210,232,211,225,212,223,212,200,211,195,209,193,208,190,204,186,201,180,196,177,182,177
232,179,229,180,220,192,216,201,216,220,228,252,239,252,240,255,250,255,250,253,252,253,255,249,255,245,257,242,258,236,263,227,263,224,265,222,266,222,265,201,259,190,255,187,252,180,251,180,250,179,248,178
326,180,323,184,316,196,313,199,313,209,312,210,312,230,315,235,317,243,317,248,319,253,320,257,321,258,322,263,330,266,343,267,344,266,348,265,348,260,352,259,352,258,353,257,353,241,356,236,358,229,358,209,357,207,356,197,354,193,351,191,348,184,345,181
288,181,287,182,283,183,277,186,273,190,272,192,266,197,266,230,275,244,282,250,298,250,299,248,301,248,306,243,306,239,311,233,314,226,314,201,309,196,306,192,305,189,303,187,301,184,297,183,295,181
166,188,164,186,162,186,159,182,157,182,153,180,151,180,149,179,125,179,119,181,91,182,86,184,76,184,67,186,43,188,41,189,41,191,36,192,33,194,31,195,31,197,28,197,27,198,27,200,24,204,21,210,21,236,26,236,26,257,28,259,28,261,34,265,37,265,38,267,40,268,43,268,48,271,74,270,76,268,84,268,87,266,90,265,90,264,95,262,111,257,113,255,114,255,115,259,119,261,120,263,123,263,123,264,124,264,125,266,126,268,145,268,145,266,147,266,148,264,149,264,156,256,159,250,159,246,163,240,170,235,170,212,167,211,167,207,166,206,166,203
326,180,323,184,316,196,313,199,313,209,312,210,312,230,315,235,317,243,317,248,319,253,320,257,321,258,322,263,324,264,333,267,343,267,344,266,351,264,353,261,353,241,356,236,358,229,358,209,357,207,356,197,354,193,351,191,348,184,345,181
188,256,176,255,166,257,162,259,157,264,155,266,155,268,152,273,150,279,149,298,152,307,152,319,155,326,158,335,163,341,166,342,181,341,189,339,189,337,191,336,191,328,193,326,194,320,194,315,196,310,196,307,198,301,199,282,197,281,197,273,196,269,194,268,194,266,192,264,192,263,190,260,190,258
212,260,208,264,206,270,202,270,199,274,199,300,200,304,200,305,210,327,215,334,219,336,237,335,239,334,241,330,245,326,252,311,256,308,255,282,259,280,259,267,256,267,254,265,250,264,247,263,245,261,234,257,218,257
106,261,105,262,104,266,102,266,98,276,97,281,96,283,95,283,94,285,94,302,96,309,97,317,98,317,101,326,102,328,104,334,106,339,110,340,118,340,119,333,120,334,120,337,129,337,134,330,136,320,140,312,140,308,142,303,142,287,141,285,140,279,139,277,138,274,133,267,133,264,127,261
252,268,252,288,250,289,250,307,252,312,254,312,255,314,259,324,263,328,264,331,274,331,275,330,289,330,293,324,294,318,296,315,300,302,300,285,298,273,296,270,287,260,284,259,284,258,279,257,266,258,265,259,261,265
257,383,257,385,254,388,254,389,251,392,250,397,249,412,249,427,251,430,251,433,254,439,254,444,255,451,257,453,261,453,261,458,263,458,265,460,269,462,288,461,291,458,293,458,296,456,299,452,298,425,297,421,296,419,295,406,294,406,294,404,293,401,290,397,288,392,283,385,281,384,278,382,260,381,259,383
166,391,161,388,150,388,141,390,134,394,130,403,126,410,125,415,125,416,125,422,122,427,118,430,118,432,113,438,113,450,115,453,115,455,113,456,112,457,108,457,108,470,112,476,119,481,124,481,127,483,139,483,143,481,145,481,152,475,152,470,156,466,160,448,162,442,162,434,165,427,165,423,166,419,166,416,167,414,168,413,169,397,168,395
