249,343,249,356,253,360,300,359,310,360,325,360,328,360,330,357,329,345,327,343,320,341,306,341,295,339,253,340
76,355,76,368,78,371,80,374,99,374,103,371,106,367,106,358,103,352,100,350,83,349,79,351
149,356,144,352,139,351,113,353,107,359,107,370,109,374,115,376,127,376,131,375,144,374,147,372,149,370
148,357,148,370,151,373,155,374,223,375,227,374,229,372,230,369,229,356,224,353,215,353,205,350,156,350,151,352,149,354
39,371,39,382,45,388,72,389,72,387,79,386,81,385,82,382,82,374,78,368,66,366,44,366,41,368
39,371,39,381,41,385,44,387,44,400,47,403,69,403,73,399,73,389,76,387,79,387,82,385,83,383,83,374,79,368,66,366,44,366,41,368
263,392,261,396,260,404,259,405,258,454,260,474,261,475,263,487,264,490,264,500,267,500,269,504,281,504,282,502,283,502,284,497,289,497,288,475,290,472,292,472,292,459,297,457,297,453,303,444,303,426,301,421,300,419,297,418,295,414,288,413,287,407,286,406,284,398,280,393
105,400,104,407,102,409,102,420,103,424,107,425,107,429,111,432,112,439,113,440,113,441,115,441,117,445,121,446,122,449,126,449,133,455,140,457,142,460,150,460,150,455,151,454,151,450,156,448,156,435,154,428,153,426,151,420,144,413,144,410,139,408,138,405,135,405,134,402,132,402,130,398,127,396,112,396,111,398
263,392,261,396,260,404,259,405,258,454,260,474,261,475,263,487,264,490,264,500,267,500,269,504,281,504,281,500,283,500,284,497,289,497,288,475,290,475,290,459,297,457,297,453,303,444,303,426,301,421,300,419,297,418,295,414,288,413,287,407,286,406,284,398,280,393
38,465,40,469,47,475,57,475,60,472,63,472,72,468,85,468,90,465,125,465,128,461,129,458,129,442,129,439,127,439,126,435,115,435,113,438,99,440,85,438,84,436,82,435,73,435,72,431,72,415,71,411,66,409,52,409,49,416,49,435,45,438,42,439,40,442,40,448,38,451
67,466,85,467,90,465,97,464,124,465,128,460,129,457,128,440,127,440,125,437,117,437,114,440,100,441,85,440,84,438,81,437,70,438,68,439,68,449,67,450,67,453
184,470,185,473,206,473,214,475,226,475,229,472,229,463,231,461,233,458,233,449,232,445,229,444,228,442,221,442,219,444,189,442,186,444,185,446,185,455,184,457
70,412,66,410,53,410,50,417,50,435,46,439,42,440,41,443,41,449,39,452,39,465,45,473,47,473,48,475,57,475,59,471,62,471,72,467,73,436,71,432,71,416
97,468,97,479,98,482,100,483,116,484,130,482,146,484,154,483,155,481,155,470,153,465,128,463,101,463
183,469,183,480,186,483,216,484,219,482,220,479,220,467,211,465,185,465
39,484,40,502,46,506,54,507,57,511,63,515,75,515,76,517,87,517,94,515,107,516,125,516,129,515,132,511,133,503,146,504,152,502,152,485,150,483,123,482,115,480,99,478,97,473,97,471,94,469,82,465,68,465,64,467,59,465,47,465,45,467,45,476,41,478,41,483
289,519,289,505,285,505,284,503,284,497,282,497,281,495,279,495,278,490,276,490,273,487,263,487,250,480,231,479,227,480,225,485,205,486,204,489,196,490,194,488,163,488,158,491,156,495,156,510,164,518,220,518,224,521,236,522,241,525,244,525,245,527,249,527,256,530,265,530,280,527,283,525
39,484,40,502,46,506,54,507,57,511,63,515,75,515,76,517,87,517,94,515,107,516,125,516,129,515,132,511,132,503,135,502,135,498,135,484,110,479,99,478,97,473,97,471,94,469,82,465,68,465,64,467,59,465,47,465,45,467,45,477,41,478,41,483
305,422,303,417,302,415,299,414,297,410,290,409,290,403,288,402,286,394,282,389,260,388,258,392,257,400,256,400,255,457,258,478,257,479,255,479,252,476,229,475,225,477,222,481,203,483,201,485,161,485,156,488,154,492,154,514,162,521,183,522,195,520,203,522,219,522,222,525,234,525,239,529,241,529,242,530,247,530,254,533,267,533,284,530,291,522,292,520,296,519,296,510,297,510,297,487,292,483,291,479,292,475,294,475,295,467,296,465,299,465,300,455,305,447
296,490,291,486,290,484,279,484,279,489,276,490,274,489,274,487,264,487,251,480,231,479,227,480,225,485,205,486,204,489,196,490,194,488,163,488,158,491,156,495,156,511,164,519,220,519,224,522,236,523,241,526,244,526,245,528,249,528,251,530,271,530,282,527,290,520,291,517,295,516,295,508,296,507
