165,163,165,187,166,191,168,193,168,196,171,199,171,201,179,206,211,207,249,210,269,210,279,205,282,199,285,189,285,160,284,156,279,148,276,148,272,145,266,142,227,142,216,140,214,139,181,140,170,147,167,154
175,253,175,271,179,277,195,278,217,276,222,273,225,267,225,258,224,255,221,251,217,248,207,248,204,246,196,246,194,245,182,245,179,246
220,257,221,270,224,276,229,280,236,280,249,282,270,282,275,279,277,275,277,259,275,254,270,250,248,249,239,250,226,250,224,252,221,257
154,285,153,304,154,308,161,317,161,319,189,318,190,315,195,314,195,308,197,306,197,292,196,287,196,280,193,280,189,275,162,276,157,279
151,323,152,341,155,347,161,351,163,354,165,355,187,355,193,350,197,350,198,349,200,349,200,347,201,345,204,349,212,349,213,344,217,344,217,333,227,333,227,325,229,325,229,310,208,310,189,309,160,310,158,313,154,316
152,360,152,371,153,377,161,389,181,389,184,388,184,385,186,386,187,388,195,388,195,385,198,384,198,379,201,378,201,357,199,356,198,350,194,350,192,348,189,347,189,345,163,345,162,348,155,351,154,354
289,297,278,289,251,287,245,285,215,285,214,301,195,300,154,300,152,304,148,307,145,314,145,419,147,424,147,455,148,460,155,469,179,470,188,465,196,465,201,455,202,466,205,469,223,470,225,472,260,471,264,470,265,465,272,465,276,463,278,459,280,457,280,445,281,441,284,440,284,435,285,434,285,403,288,399,289,395,289,364,287,360,287,334,286,332,289,330
289,297,278,289,251,286,230,286,229,291,227,292,227,301,195,300,154,300,152,304,148,307,145,314,145,419,147,424,147,455,148,460,155,469,179,470,188,465,196,465,201,455,202,466,205,469,223,470,225,472,260,471,264,470,265,465,272,465,276,463,278,459,280,457,280,445,281,441,284,440,284,435,285,434,285,403,288,399,289,395,289,364,287,360,287,334,286,332,289,330
289,297,278,289,251,286,230,286,229,291,227,292,227,301,195,300,154,300,152,304,148,307,145,314,145,419,147,424,147,455,148,460,155,469,179,470,188,465,196,465,201,455,202,466,205,469,223,470,225,472,260,471,264,470,265,465,272,465,276,463,279,459,279,443,284,440,284,435,285,434,285,403,288,399,289,395,289,364,287,360,287,334,286,332,289,330
155,429,155,449,162,459,172,460,181,455,189,455,195,445,196,428,194,427,194,420,193,420,192,418,160,418
151,465,150,484,151,488,155,492,155,502,160,506,231,507,234,505,240,505,240,502,241,501,241,490,239,487,234,485,232,484,227,484,222,480,208,480,208,482,205,482,204,477,196,477,194,478,194,480,192,480,191,476,190,475,190,466,186,464,185,462,180,462,174,455,165,455,163,457,159,457,157,460,154,460
245,467,240,464,239,461,232,461,231,465,218,467,190,466,186,469,184,469,184,481,185,486,192,486,193,488,201,489,203,486,209,486,210,489,214,490,225,491,226,493,232,493,235,486,239,486,244,483,245,476
239,469,239,482,244,489,250,489,252,487,258,486,271,489,286,488,290,484,290,474,289,472,286,470,276,469,276,467,267,467,264,469,242,467
