268,52,267,58,272,63,295,63,298,60,298,53,295,50,289,48,277,48,271,50
73,55,72,64,75,66,83,67,84,68,100,68,101,65,104,64,107,60,107,53,105,52,86,52,75,53
212,35,210,39,210,45,213,61,215,64,216,78,220,82,231,82,234,79,234,49,231,42,228,37,226,37,225,35
267,65,267,70,271,73,295,73,299,72,300,70,299,63,295,59,272,59
420,69,420,78,421,82,425,83,437,85,440,86,460,86,465,85,468,81,468,73,465,70,461,68,445,66,425,66,422,67
240,93,241,100,253,104,266,103,276,99,276,92,274,90,269,88,246,88,243,90
218,152,218,155,215,157,213,157,213,167,215,172,216,188,218,190,220,191,233,191,236,188,237,181,239,179,237,159,235,155,231,153,228,152
119,290,114,288,98,288,86,289,78,291,63,291,53,294,49,294,44,295,40,300,40,310,41,312,45,313,44,324,45,326,47,328,58,330,63,334,88,335,94,334,98,333,105,326,112,324,114,320,114,310,112,306,108,304,118,301
119,290,114,288,98,288,86,289,78,291,63,291,53,294,49,294,44,295,40,300,40,310,41,312,45,313,44,324,45,326,47,328,58,330,63,334,90,335,98,333,105,326,112,324,114,320,114,310,112,306,108,304,118,301
122,318,117,320,113,326,114,342,116,344,116,346,118,348,122,348,127,352,136,352,137,351,139,351,140,349,145,348,146,345,155,341,158,336,157,324,155,321,142,318
