375,144,372,146,369,151,368,162,372,165,375,166,387,166,393,162,392,151,390,148,385,144
470,169,466,170,463,173,460,179,460,189,469,198,472,199,480,199,484,198,490,193,491,193,491,174,484,169
485,172,483,194,490,198,495,199,520,199,525,198,538,198,543,196,549,190,549,179,544,171,540,169,514,169,510,170,491,170
395,176,395,180,391,181,391,187,396,191,404,194,427,194,430,194,434,191,433,178,430,174,426,173,409,172,404,173
311,189,311,199,312,200,317,203,355,202,357,203,366,203,373,201,375,196,375,187,370,184,364,181,335,181,323,183,320,184,315,185
299,192,295,190,278,190,263,192,240,193,231,196,230,205,232,206,237,208,267,208,283,204,292,204,296,203,299,200
42,224,42,234,44,237,48,239,60,240,72,240,89,237,100,237,108,236,112,234,112,226,108,221,105,220,88,219,83,217,66,217,53,218,45,221
280,230,280,236,282,239,288,241,329,241,334,239,337,236,337,226,330,222,290,222,285,224
169,227,167,230,165,246,170,249,180,251,193,251,200,250,212,250,219,248,226,248,230,245,230,238,224,233,224,230,222,227,218,225,190,224,185,225,174,225
309,244,309,252,315,255,340,255,345,254,347,251,347,244,345,241,341,240,315,240,310,242
565,244,565,252,568,254,580,255,601,255,639,257,639,241,572,241,568,241
570,257,570,262,571,264,585,265,620,266,624,265,625,257,620,255,572,255
568,272,568,279,573,281,582,282,599,282,605,284,631,284,635,282,635,274,631,272,605,272,597,271,572,271
537,284,536,291,538,293,542,296,559,296,564,295,565,293,565,284,562,281,544,281
