309,87,304,91,304,99,305,101,307,103,307,112,311,112,317,117,328,117,330,116,341,114,349,108,350,104,350,94,348,91,337,83,320,83
287,88,279,91,273,96,272,108,282,120,285,120,286,121,297,121,304,119,310,113,315,111,313,90,305,90,300,88
505,146,505,161,513,168,520,170,562,170,563,168,568,168,570,170,570,171,574,172,574,173,587,173,591,171,603,173,624,173,629,171,632,168,631,155,625,150,619,148,609,148,594,146,582,146,573,141,558,140,553,138,513,140
503,145,503,163,511,170,518,171,547,172,545,187,545,208,550,213,551,216,565,226,572,226,575,230,578,230,580,232,597,231,600,219,600,193,597,190,597,188,591,184,591,174,595,173,601,175,626,175,631,173,635,170,634,153,625,148,611,147,596,145,585,145,575,140,560,139,555,137,517,138,511,138
178,205,179,217,187,222,195,224,229,225,231,226,244,226,255,227,300,226,310,223,310,205,302,203,289,202,274,198,231,198,225,197,202,197,186,199,180,202
100,207,97,204,92,201,73,201,63,203,35,203,24,208,0,208,0,235,22,236,25,235,32,234,41,231,84,229,90,228,95,225,100,220
395,210,391,213,392,224,396,226,405,226,410,224,410,213,405,210
404,213,404,224,410,228,449,228,455,224,455,215,450,211,435,210,410,210
448,236,450,238,454,239,461,239,467,240,480,240,491,239,493,238,493,233,495,232,502,231,505,228,505,218,504,216,500,215,491,213,455,214,450,218,451,226,448,228
403,226,403,235,408,237,445,237,451,235,452,234,452,228,449,224,410,223,405,225
