64,136,64,156,65,158,74,161,127,162,133,160,138,156,138,142,133,137,128,135,75,133,67,136
7,166,7,175,9,176,11,177,49,178,53,176,53,166,49,164,38,164,32,162,15,162,10,163
524,174,524,181,527,184,530,185,555,186,562,182,562,173,558,170,532,170,525,171
84,185,84,192,87,196,140,196,144,193,144,185,139,181,122,181,118,181,116,179,98,178,96,180,85,181
6,185,6,195,12,198,52,198,55,197,58,194,57,186,55,184,51,183,14,182,7,184
60,188,60,196,65,200,71,201,80,201,85,199,88,196,88,188,85,186,80,185,65,185,62,186
537,191,537,200,540,202,546,203,557,203,561,201,562,193,560,190,552,188,540,189
85,196,85,202,89,207,92,208,105,208,111,207,115,205,115,196,114,195,114,192,102,191,88,191
6,200,6,207,11,211,46,211,51,210,53,208,53,200,50,197,13,196,10,197
55,201,55,209,60,211,69,213,79,213,84,211,86,209,86,201,81,198,62,198
362,201,362,211,364,213,369,216,399,216,406,212,407,201,404,198,399,196,368,196
5,220,5,228,12,231,38,231,42,228,42,220,40,218,9,217
80,228,80,237,85,239,107,240,110,239,113,236,113,228,109,224,89,223,83,225
526,230,525,238,530,241,549,241,554,238,554,231,553,229,550,227,533,227
360,233,360,240,363,243,366,244,399,244,407,242,410,240,410,231,403,228,367,227,362,230
5,234,5,241,9,244,11,245,52,245,60,243,60,232,54,230,13,229,9,230
55,233,54,243,62,245,80,245,85,242,85,232,82,231,60,230
37,257,37,271,43,275,53,277,105,277,111,276,115,274,121,267,121,260,118,254,115,251,106,250,53,249,45,251
475,300,475,310,479,315,484,318,498,321,520,321,524,322,542,322,546,320,590,321,597,317,600,313,600,300,595,294,587,291,545,291,534,290,489,290,479,295
518,324,519,336,526,341,533,342,552,342,557,341,573,340,610,339,618,336,621,332,620,316,615,313,610,313,534,313,532,315,525,315,519,320
