478,72,474,65,470,62,467,61,456,60,433,60,428,61,378,61,373,61,365,66,362,70,362,84,368,90,375,93,380,93,385,94,460,93,468,92,475,88,478,83
363,108,363,117,365,120,368,123,375,125,398,125,399,126,405,126,424,126,425,125,462,126,470,124,473,121,472,110,469,107,465,106,427,106,425,105,419,105,400,105,395,103,373,103,367,104
361,124,362,138,365,140,370,141,385,141,399,140,405,141,424,141,428,142,442,141,449,143,466,143,470,142,475,138,474,126,470,124,465,123,443,123,440,121,425,121,424,120,400,120,397,118,375,118,365,120
379,150,379,161,385,167,390,170,448,170,451,168,455,164,455,151,453,148,449,146,443,145,390,143,385,145
382,346,383,355,387,358,392,359,416,359,420,360,432,360,439,358,442,355,442,344,439,341,432,340,430,339,395,339,387,341
305,351,302,346,299,344,295,343,225,344,219,346,215,348,215,362,218,367,220,369,224,370,294,369,300,366,303,364,305,360
585,361,580,356,565,354,529,355,511,356,505,358,502,361,502,373,507,378,514,380,577,380,581,378,585,375
212,389,212,400,216,404,220,405,234,405,235,406,245,408,275,408,282,409,300,408,303,407,305,405,305,391,301,389,293,388,293,380,289,376,285,375,233,374,228,377,227,385,217,385
510,390,511,400,514,401,521,403,535,403,535,404,560,405,570,404,574,400,574,391,570,388,537,388,531,386,523,386,514,388
495,403,495,411,498,414,504,416,517,415,524,417,540,418,557,417,561,415,562,403,560,400,520,400,513,398,504,398,497,400
556,405,555,415,562,418,583,418,588,415,588,406,583,403,561,402
