327,205,325,202,315,202,297,205,291,207,280,208,276,210,270,210,266,214,266,224,269,226,288,225,295,222,305,222,317,220,326,215
274,278,271,285,269,294,270,345,273,360,279,366,298,367,305,366,305,365,320,365,320,360,323,355,325,347,324,311,320,301,318,299,311,295,309,292,309,290,307,285,302,283,295,283,293,280,293,279,291,276,278,275
272,275,269,282,267,291,268,346,270,356,271,360,270,366,270,388,272,399,276,406,281,406,281,410,319,410,322,402,322,395,325,385,325,364,323,360,323,357,326,349,326,320,325,309,323,302,320,297,312,293,310,290,310,287,308,283,303,280,296,280,295,278,295,276,292,274,276,273
92,400,93,414,95,417,103,421,112,422,119,417,122,413,122,400,121,398,115,393,104,392,97,395,94,397
277,394,277,398,275,399,274,406,273,425,272,426,272,445,273,447,275,469,283,469,285,471,285,481,284,482,284,499,286,503,286,535,287,535,288,539,300,539,301,537,303,537,304,532,308,532,310,525,311,523,313,523,313,516,320,516,322,510,323,499,324,495,323,453,321,441,323,430,323,404,320,395,318,394
425,431,388,432,384,434,383,435,383,445,384,447,386,448,396,448,400,450,424,450,425,449
229,461,229,472,232,475,263,475,268,474,269,472,269,461,264,459,233,458
277,394,277,398,275,399,274,406,273,425,272,426,272,445,273,447,273,454,275,464,275,476,275,480,285,480,284,482,284,499,286,503,286,535,287,535,288,539,300,539,301,537,303,537,304,532,308,532,310,525,311,523,313,523,313,516,320,516,322,510,323,499,324,495,323,453,321,441,323,430,323,404,320,395,318,394
71,500,70,517,72,521,78,527,97,527,103,523,105,520,105,505,104,501,100,496,94,495,79,495,74,497
208,550,208,560,210,564,232,566,237,565,239,564,252,565,257,561,257,552,256,550,252,546,227,547,222,545,209,546
