317,12,317,21,322,25,335,25,351,24,355,22,355,12,352,10,324,9,319,11
354,19,354,32,352,33,350,37,350,44,353,47,354,52,356,53,356,55,369,57,385,56,386,55,405,54,406,47,410,45,410,36,402,29,402,23,400,21,396,19,385,18,357,18
323,26,320,28,320,34,323,37,323,40,325,43,344,43,349,41,350,28,348,26,343,24,327,24
315,43,314,52,315,55,317,57,330,58,333,60,354,59,355,58,358,58,361,55,360,41,354,41,344,38,325,38,319,40
364,51,365,63,372,64,381,67,397,68,408,68,411,67,415,63,415,56,411,52,406,51,400,51,400,50,380,50,380,51
625,115,622,119,623,126,629,128,639,128,639,114,629,114
16,121,16,127,19,130,26,135,27,136,38,137,44,140,69,140,74,138,80,133,80,123,75,118,68,116,67,114,33,115,27,116,24,118,19,118
217,262,218,273,222,276,233,279,275,279,280,276,285,271,285,263,281,259,276,257,269,255,249,254,227,255,222,257
432,311,432,319,435,321,438,322,469,323,475,322,476,320,476,313,475,311,470,310,451,309,447,308,438,308
70,324,70,331,71,334,75,335,85,336,122,337,128,335,130,333,130,325,129,323,125,321,73,321,70,323
