246,0,245,15,239,18,238,21,235,23,234,26,230,29,230,53,233,53,233,68,235,68,236,71,244,71,245,73,252,75,253,76,261,78,261,100,264,100,263,124,265,125,265,127,263,129,262,148,258,149,258,172,260,178,262,178,262,181,266,183,266,186,306,186,307,183,321,183,321,171,325,170,330,170,331,168,335,168,338,166,348,162,351,156,355,151,356,80,357,73,362,64,362,41,360,36,360,26,360,0
437,0,437,8,439,9,455,11,472,11,477,10,481,6,481,0
180,0,176,6,170,11,170,14,169,15,169,25,171,29,171,32,174,34,183,37,184,40,197,40,199,36,202,36,209,31,210,34,210,41,209,45,207,45,207,56,210,78,239,78,239,74,243,73,244,71,250,71,250,68,253,65,253,53,250,53,250,48,247,47,247,33,246,28,245,25,246,25,249,19,251,18,251,15,254,13,254,8,260,5,260,0
180,0,176,6,170,11,170,14,169,15,169,25,171,29,171,32,174,34,183,37,184,40,197,40,199,36,202,36,209,31,210,34,210,41,209,45,207,45,207,56,209,70,211,71,211,78,239,78,239,74,243,73,244,71,250,71,250,68,253,65,253,53,250,53,250,48,247,47,247,33,246,28,245,25,246,25,249,19,251,18,251,15,254,13,254,8,260,5,260,0
360,0,246,0,245,15,239,18,238,21,235,23,234,26,230,29,230,53,233,53,233,68,235,68,236,71,244,71,245,73,252,75,253,76,260,78,261,90,242,90,240,91,232,91,225,93,225,99,223,100,223,104,220,105,220,109,217,110,216,120,212,120,212,122,209,123,208,155,210,156,210,161,213,162,217,163,219,165,222,166,227,166,234,168,241,170,241,178,239,179,239,180,236,182,234,182,234,205,238,205,240,206,240,213,246,213,249,215,249,218,291,218,300,215,303,215,303,210,310,210,310,187,317,186,318,183,321,183,321,171,325,170,330,170,331,168,335,168,338,166,348,162,351,156,355,151,356,80,357,73,362,64,362,41,360,36,360,26
360,0,246,0,245,15,239,18,238,21,235,23,234,26,230,29,230,53,233,53,233,68,235,68,236,71,244,71,245,73,252,75,253,76,260,78,261,90,242,90,240,91,232,91,225,93,225,99,223,100,223,104,220,105,220,109,217,110,216,120,212,120,212,122,209,123,208,155,210,156,210,161,213,162,217,163,219,165,222,166,227,166,234,168,242,170,242,178,239,179,239,180,236,182,234,182,234,205,243,206,246,207,246,210,249,210,249,218,291,218,300,215,303,215,303,210,310,210,310,187,317,186,318,183,321,183,321,171,325,170,330,170,331,168,335,168,338,166,348,162,351,156,355,151,356,80,357,73,362,64,362,41,360,36,360,26
530,177,530,184,535,187,552,187,555,186,557,184,557,176,555,173,534,173
73,232,67,230,30,231,27,233,20,236,18,236,15,240,12,240,10,241,0,241,0,295,35,295,37,292,40,291,45,291,55,285,70,283,72,280,75,279,83,271,82,253,76,241,75,235
153,244,153,252,160,255,183,255,187,254,191,251,191,243,188,241,159,240,155,241
555,292,553,295,553,306,555,310,560,312,577,312,582,310,584,306,584,299,580,292,575,291,560,291
