298,40,297,57,301,67,307,72,320,75,324,79,330,79,334,81,339,81,342,84,362,86,375,86,381,82,384,75,384,70,386,65,386,52,385,48,382,46,382,42,376,38,354,38,348,41,344,41,328,35,323,35,320,33,308,33,301,35
121,452,122,462,126,465,151,465,171,463,171,450,166,448,127,447,124,448
166,451,166,463,167,464,183,465,191,463,191,451,182,449,171,449
202,452,202,462,205,464,220,465,237,464,241,462,241,452,237,450,205,449
360,451,357,449,352,447,340,447,333,449,320,448,315,452,315,462,318,464,332,464,340,466,355,465,360,462
187,451,187,463,189,465,202,465,206,462,206,452,201,450,191,450
237,452,237,462,240,465,274,465,277,461,277,454,273,450,240,450
283,451,283,464,285,465,302,465,307,463,308,461,308,454,306,451,301,450,287,450
304,454,304,461,307,464,317,464,320,462,320,453,318,451,307,450
355,451,355,462,359,465,395,466,400,463,400,453,399,451,394,450,360,448
121,452,122,462,126,465,151,465,166,463,168,465,202,465,206,462,206,451,201,449,188,450,182,448,167,449,153,447,127,447,124,448
275,454,276,463,287,464,287,452,277,451
157,485,157,497,175,498,177,495,178,495,178,485,174,483,164,482,160,483
286,487,286,511,288,514,288,525,289,527,291,529,291,553,292,562,293,563,346,563,355,561,356,555,392,554,400,551,400,548,404,545,454,545,455,480,454,476,449,475,394,475,388,477,387,484,378,484,377,477,373,475,295,475,290,477,289,479,289,486
137,485,137,495,138,498,156,499,157,497,161,497,161,485,155,483,141,483
174,485,174,495,175,497,189,496,188,485,176,484
121,504,121,531,123,532,123,535,124,537,124,540,127,549,129,560,133,566,168,566,168,565,197,565,200,563,201,556,208,555,247,557,291,556,295,555,296,540,297,538,298,525,298,512,299,510,299,484,297,484,296,477,291,473,222,475,204,473,157,472,151,474,150,475,150,480,148,482,131,482,126,489,126,497,124,500,122,500
285,486,285,513,287,515,287,526,288,529,290,530,290,555,291,564,292,565,382,564,384,562,384,556,401,553,401,550,405,547,455,547,456,477,455,475,450,474,401,473,393,474,390,475,377,475,374,474,343,475,339,473,294,474,289,476,288,478,288,485
394,485,394,495,397,497,398,499,404,499,406,497,417,498,424,496,424,485,415,482,400,483
451,487,449,483,444,481,399,481,393,484,392,490,352,490,351,491,351,506,367,508,376,506,405,507,427,505,430,507,447,508,448,506,450,505,451,503
455,481,453,477,448,475,402,475,395,475,389,478,388,485,377,485,377,478,372,475,330,476,328,477,328,479,325,483,321,483,320,481,319,476,292,476,289,480,289,487,286,488,286,510,288,513,288,524,289,526,292,528,292,552,292,554,304,554,307,555,347,555,359,553,386,554,399,550,399,547,403,545,452,545,454,545,454,512,455,509
286,487,286,512,288,515,288,525,289,528,291,530,291,554,292,563,293,564,382,563,383,561,384,555,401,552,401,549,404,546,455,546,456,480,454,476,449,475,402,474,394,475,388,477,387,484,379,484,378,477,373,475,295,475,290,477,289,479,289,486
455,481,454,477,449,475,402,475,395,475,391,477,376,477,373,475,330,476,328,477,328,479,325,483,321,483,320,481,320,476,292,476,289,480,289,487,286,488,286,511,288,514,288,525,289,527,292,529,292,553,292,555,304,555,307,556,348,555,360,554,387,555,400,551,400,548,404,545,453,546,454,545,454,513,455,510
121,504,121,532,123,533,123,536,124,538,124,541,127,550,129,561,133,567,168,567,169,565,198,566,201,564,201,557,208,556,241,557,242,563,246,565,276,565,277,564,277,559,279,557,292,557,296,555,296,541,298,539,299,529,299,513,300,511,300,484,298,484,297,477,292,473,223,475,177,472,134,473,130,475,130,484,126,489,126,497,124,500,122,500
299,485,296,485,296,478,290,474,260,474,257,475,207,475,206,480,200,482,132,483,127,490,126,498,125,499,125,500,123,501,122,530,123,531,123,535,125,536,125,540,128,548,129,560,133,565,167,565,168,564,169,564,169,560,171,559,173,556,199,556,207,555,248,556,282,555,283,555,284,546,294,546,295,545,298,524,298,511,299,510
122,505,122,531,123,532,123,535,125,537,125,540,128,549,129,560,133,566,168,566,168,565,170,565,170,560,172,560,173,557,199,557,208,555,248,557,291,556,295,555,296,540,297,538,298,525,298,512,299,510,299,485,297,485,296,478,291,474,260,474,257,475,180,474,177,475,177,482,132,483,127,490,126,498,124,501,123,501
172,494,172,505,173,506,185,506,190,505,190,492,175,491,173,494
288,490,288,509,290,511,290,522,291,525,293,526,294,543,323,545,362,544,366,547,366,551,385,552,394,550,398,549,398,545,402,543,452,543,452,505,450,503,434,503,421,505,420,498,417,496,389,495,361,495,360,493,360,487,340,485,320,485,318,484,318,479,313,478,294,479,291,482,291,490
455,482,453,478,448,476,403,475,395,476,389,479,389,485,377,485,377,479,372,476,331,477,329,478,329,480,326,484,321,484,320,482,319,477,296,476,291,479,290,480,290,488,287,489,287,510,289,513,289,524,290,526,292,528,293,545,322,547,361,545,365,549,365,553,386,554,395,552,399,550,399,547,403,545,452,545,454,545,454,512,455,509
396,492,397,506,427,505,431,506,446,507,447,505,449,505,450,502,450,490,420,490,418,492
121,504,121,532,123,533,123,536,124,538,124,541,127,550,129,561,133,567,168,567,169,565,198,566,201,564,201,557,208,556,241,557,242,563,246,565,276,565,277,564,277,559,279,557,292,557,296,555,296,541,298,539,299,525,299,513,300,511,300,484,298,484,297,477,292,473,223,475,177,472,134,473,130,475,130,484,126,489,126,497,124,500,122,500
121,504,121,532,123,533,123,536,124,538,124,541,127,550,129,561,133,567,168,567,169,565,198,566,201,564,201,557,208,556,241,557,242,563,246,565,276,565,277,564,277,559,279,557,292,557,296,555,296,541,298,539,299,525,299,513,300,511,300,484,298,484,297,477,292,473,223,475,204,473,157,472,151,474,150,475,150,480,148,482,131,482,126,489,126,497,124,500,122,500
288,490,288,508,290,510,290,521,291,524,293,525,294,542,323,545,339,545,342,543,362,543,366,546,366,550,384,551,398,548,398,545,401,542,415,542,418,540,419,526,432,527,435,529,448,529,452,524,452,505,449,503,434,503,411,505,398,505,392,503,392,495,361,495,360,493,360,487,354,487,351,485,307,485,306,487,292,487,291,490
289,491,289,507,290,510,290,520,292,523,294,525,295,541,324,544,339,544,342,542,362,542,367,545,367,550,384,550,397,547,397,544,401,541,415,541,418,540,418,523,397,521,396,519,395,513,392,513,391,511,391,496,360,496,359,494,359,488,339,485,292,488,292,491
289,491,289,508,290,510,290,521,292,524,294,525,295,542,324,545,339,545,342,543,362,543,367,546,367,550,384,551,398,548,398,545,401,542,415,542,418,540,418,523,399,522,397,520,398,518,415,518,420,515,419,498,389,495,361,496,360,494,360,488,339,485,308,486,307,488,292,488,292,491
412,503,412,511,415,513,421,513,426,515,443,515,446,514,448,510,448,503,446,501,443,500,432,500,427,502,424,501,424,500,417,500
455,479,454,477,449,475,402,475,395,475,389,478,388,485,378,485,377,478,373,475,330,476,328,477,328,479,325,483,321,483,320,481,320,476,292,476,289,480,289,487,286,488,286,511,288,514,288,525,289,527,292,529,292,562,346,563,355,561,356,555,392,554,400,551,400,548,404,545,453,546,454,545,454,513,455,510
444,519,440,517,423,517,418,519,389,519,389,530,401,531,404,530,442,530,444,526
415,520,415,529,418,530,442,530,444,526,444,519,440,517,423,517
288,490,288,509,289,511,289,522,290,525,293,526,293,543,323,545,361,544,365,547,365,551,385,552,394,550,398,549,398,545,402,543,452,543,452,504,450,502,433,502,421,504,420,497,417,495,389,494,361,495,360,492,360,486,340,484,320,485,318,483,318,478,313,477,293,478,290,481,290,489
289,491,289,507,290,510,290,520,292,523,294,525,295,541,324,544,339,544,342,542,362,542,366,545,380,545,385,543,397,544,401,541,415,541,418,540,418,523,397,521,396,519,395,513,392,513,391,511,391,496,360,496,359,494,359,488,339,485,292,488,292,491
411,527,411,536,414,538,449,538,449,528,446,525,417,525
288,490,288,509,290,511,290,522,291,525,293,526,294,543,323,545,362,544,366,547,366,551,385,552,394,550,398,549,398,545,402,543,452,543,452,505,450,503,434,503,411,505,399,505,393,503,392,495,361,495,360,493,360,487,340,485,320,485,318,484,318,479,313,478,294,479,291,482,291,490
199,534,199,545,201,546,252,546,254,548,285,547,289,545,289,536,287,535,264,535,263,533,248,534,246,532
296,536,297,547,308,547,312,549,318,549,320,547,342,548,354,546,374,546,374,536,373,534,343,535,339,533,314,533,306,535,297,535
390,536,390,544,393,546,415,546,430,548,448,547,448,538,445,536,413,535
374,544,374,553,378,555,397,555,406,556,427,555,431,557,444,557,448,556,449,555,448,537,445,535,413,534,391,535,390,535,389,543,376,542
200,545,200,553,201,555,213,555,215,553,215,545
249,545,249,553,253,555,268,555,270,554,270,545,267,542,253,542
374,545,374,553,379,555,398,555,407,556,426,556,429,555,429,545,426,544,377,543
424,545,424,555,432,557,444,557,448,556,449,555,448,541,427,541
211,545,211,554,221,555,224,553,224,545,221,543,214,543
220,545,220,553,223,555,251,555,253,552,253,545,246,543,227,543
267,545,267,553,268,555,288,555,289,553,289,545,287,544,269,543
298,545,298,555,299,555,341,555,350,554,350,545,343,544,342,542,327,542,323,544,310,542
298,545,298,555,299,555,333,555,336,554,336,544,333,542,327,542,323,544,310,542
377,545,374,540,369,540,366,543,346,545,346,554,352,555,376,555,377,553
197,554,197,561,199,563,210,563,211,561,211,554,209,552,199,552
208,554,208,561,210,564,239,565,244,563,251,563,252,561,252,554,250,552,211,552
250,554,250,561,253,564,269,564,270,562,270,554,269,552,252,552
310,552,310,564,312,565,346,565,355,563,391,564,395,565,430,563,430,554,427,552
323,552,323,563,324,564,346,565,355,563,391,564,395,565,430,563,430,554,427,552
332,553,332,564,334,565,346,565,355,563,391,564,395,565,430,563,430,554,427,552,339,551
298,552,298,562,300,564,346,565,355,563,391,564,395,565,430,563,430,554,427,552
3,580,3,596,4,600,7,603,24,604,33,605,96,607,98,609,111,609,114,607,125,606,136,600,137,570,136,570,134,568,129,568,124,565,108,564,95,564,89,565,79,564,50,564,39,565,27,565,17,568,15,570,7,570
456,565,451,561,445,561,443,560,402,560,394,559,366,560,361,558,339,558,324,560,216,560,210,559,186,559,178,560,136,560,126,564,124,565,124,577,122,579,122,606,126,608,131,613,188,613,204,614,206,615,229,615,244,617,287,617,290,615,355,615,362,617,415,617,417,615,436,615,438,613,456,612
0,595,1,639,392,639,393,636,420,637,454,635,456,634,456,592,439,591,436,589,356,590,323,588,217,588,205,589,204,590,186,590,173,592,129,591,127,590,92,589,91,590,79,592,22,592,2,593
7,604,7,628,9,630,45,632,47,634,61,633,62,631,66,630,66,625,69,623,69,610,67,609,66,602,28,601,9,602
0,566,0,639,392,639,393,636,420,637,454,635,456,634,456,563,452,560,446,560,444,558,367,558,361,556,338,556,323,559,216,559,211,557,185,557,177,559,134,560,126,556,114,555,44,555,33,557,22,557,11,560,9,562,1,562
456,563,452,560,446,560,444,558,367,558,361,556,338,556,323,559,216,559,211,557,185,557,177,559,135,559,130,560,127,562,121,563,121,576,120,589,92,588,91,590,78,591,2,592,0,594,0,638,392,639,393,636,420,637,454,635,456,634
