491,281,489,276,486,274,477,272,419,275,415,276,413,278,412,292,413,295,416,295,417,298,420,298,431,298,435,300,443,300,447,302,479,301,488,298,491,294
491,281,489,276,486,274,477,272,419,275,415,276,413,278,412,292,413,295,415,298,431,298,435,300,443,300,447,302,479,301,488,298,491,294
268,333,268,345,272,348,278,349,325,348,331,344,331,335,330,333,326,329,275,329
329,337,329,344,330,347,336,349,365,349,372,345,372,336,371,333,368,332,337,331,332,333
370,337,370,346,376,351,407,351,414,349,416,346,415,337,411,333,408,333,376,333,372,334
157,344,153,349,153,370,157,376,160,376,175,376,178,375,182,370,182,359,184,355,183,345,179,342,164,342
539,377,539,386,540,388,543,390,558,391,564,388,566,386,566,376,562,372,546,372,542,373
146,389,145,403,150,410,159,413,176,413,181,411,187,407,186,389,180,384,170,383,153,384
534,392,534,403,539,408,562,408,570,404,572,402,571,391,568,388,558,385,543,384,542,386,540,386
210,401,211,413,216,418,251,419,256,416,259,411,258,399,255,396,251,394,222,392,214,395
339,408,339,420,341,424,346,430,353,432,411,431,423,426,422,396,415,396,406,394,354,394,345,397
