374,28,375,41,383,47,390,50,396,51,460,50,473,51,508,51,532,47,533,20,521,17,515,17,509,16,390,16,383,18,377,23
639,16,638,15,632,14,617,14,613,15,553,16,530,18,527,19,518,20,518,35,516,37,516,47,536,52,638,51
430,58,430,68,433,71,441,72,453,72,457,71,468,71,470,72,484,73,539,72,542,71,595,72,599,71,601,68,600,58,599,57,587,55,573,55,566,54,542,54,536,55,517,55,513,54,439,54,434,55
397,84,397,92,401,95,425,95,433,94,463,95,470,93,470,84,467,83,438,82,435,81,405,81,399,83
465,85,465,93,469,94,505,95,508,95,510,93,510,86,508,84,505,83,471,83
507,99,505,96,497,96,477,96,471,97,450,97,447,98,423,98,416,96,402,96,400,97,396,97,396,100,394,100,394,106,400,108,420,110,435,110,447,108,495,109,505,108,507,106
393,113,393,120,396,123,403,125,457,124,462,123,527,123,532,121,532,114,526,110,493,110,490,111,465,111,460,110,436,110,433,108,404,108
394,113,394,120,397,122,404,124,456,124,467,122,467,113,459,110,435,110,432,109,405,109
460,113,460,122,465,123,526,123,531,121,531,114,525,111,494,110,490,111,478,111
590,126,586,123,582,122,565,123,550,124,522,124,485,125,477,127,477,137,481,138,540,138,550,139,585,139,588,137,590,135
590,125,587,122,583,121,571,121,549,123,495,123,484,124,477,125,445,125,430,124,427,123,403,123,396,124,393,126,393,135,395,138,400,140,420,140,430,139,446,138,538,138,549,139,585,139,589,138,590,135
395,142,395,148,400,153,443,152,449,150,448,141,444,139,405,139
395,141,395,149,400,154,430,154,445,153,464,153,466,154,512,154,535,153,566,154,580,153,585,151,586,150,586,143,580,140,576,140,536,139,534,140,518,140,511,139,495,138,446,139,442,138,414,138,404,138
532,141,532,151,535,152,579,152,584,150,585,149,585,143,579,141,537,140
435,189,435,195,440,200,491,201,500,199,543,200,550,200,555,197,555,188,553,186,546,184,500,185,493,183,455,183,440,185
