335,44,333,41,328,40,311,40,305,41,264,41,259,43,255,46,255,54,256,55,256,59,260,60,269,60,270,61,295,61,295,62,303,63,328,63,332,61,335,59
89,68,89,81,95,87,98,87,100,88,157,87,160,86,181,86,197,85,203,82,205,78,205,48,203,45,198,44,109,45,100,48,94,53,94,60,90,64
252,65,253,75,258,77,279,77,293,76,306,76,329,75,334,73,335,71,335,61,332,60,329,59,315,60,299,58,288,58,285,60,260,60,255,61
160,83,154,80,103,81,94,85,93,93,97,96,125,96,155,94,160,91
100,118,96,115,92,114,38,115,32,116,29,118,28,128,29,130,34,133,38,135,92,133,95,133,100,128
226,144,226,151,228,154,234,158,271,159,275,158,289,157,291,156,295,156,299,152,299,144,296,140,291,138,240,137,234,138,228,141
55,180,53,183,53,190,55,192,60,194,77,194,80,192,80,181,78,180,60,179
249,204,249,211,251,213,255,215,282,214,285,213,290,210,290,202,286,200,283,199,258,200,255,200
234,261,235,270,241,273,259,273,260,275,269,275,270,273,273,275,284,275,285,273,324,274,327,273,330,271,330,261,325,258,238,257
116,271,115,281,116,286,119,288,130,291,150,291,158,290,161,283,162,274,157,269,154,268,121,268
253,271,253,281,255,283,270,285,325,285,328,284,330,281,330,273,325,270,290,270,285,269,273,269,270,270,268,269,259,269,255,270
109,311,109,321,112,323,115,323,118,326,122,328,137,330,160,330,170,328,172,326,172,313,167,308,161,306,153,305,132,305,129,306,117,307,115,310,112,310,110,311
277,324,269,329,268,341,273,348,278,350,288,350,295,345,295,330,293,326,288,324
532,466,532,474,535,476,540,477,588,477,599,476,604,474,604,467,601,464,596,463,540,462,535,463
477,466,477,475,484,478,532,477,539,474,539,467,532,463,492,463,481,463
600,466,600,475,604,476,630,476,634,475,635,473,635,467,631,464,604,464
