43,173,43,188,51,193,58,193,60,195,98,195,103,193,116,192,119,191,121,187,121,174,118,169,112,167,58,167,49,168
5,176,6,188,7,190,11,192,40,192,44,192,50,188,50,173,46,171,12,170,8,172
12,194,12,204,15,207,19,208,32,208,40,207,46,207,47,209,77,209,78,207,113,207,117,204,117,192,115,190,100,189,96,187,63,187,59,188,18,189,15,191
127,200,127,211,130,218,134,222,142,222,150,224,159,224,160,219,166,219,167,218,181,216,203,217,209,211,209,198,204,193,176,193,175,191,172,189,158,189,153,191,144,191,141,193,131,196,130,197,129,197
16,208,17,219,20,222,27,223,44,224,51,223,59,223,60,221,71,221,78,219,78,204,76,202,47,202,39,204,23,204,19,204
73,205,73,219,75,219,77,223,96,223,97,222,109,221,115,218,115,207,110,204
30,222,30,234,36,238,57,238,69,235,90,236,98,235,103,232,102,220,99,218,94,216,76,216,75,218,62,217,59,215,31,217
135,239,134,236,125,233,101,233,85,235,63,236,36,235,27,237,15,237,7,239,3,242,3,255,5,258,9,258,31,258,35,259,47,259,51,258,67,258,81,256,125,256,132,255,134,252
21,259,21,269,23,275,108,272,117,270,119,267,119,257,117,254,114,252,73,252,66,254,51,254,46,251,32,251,30,254,25,255
13,272,13,286,17,290,34,290,35,292,35,298,40,302,47,304,70,304,78,302,102,302,108,299,110,296,111,286,123,286,128,282,128,266,125,263,121,262,121,255,119,251,116,250,70,250,64,251,53,251,47,249,30,249,27,251,23,252,19,255,19,266
38,282,38,296,43,300,50,302,68,302,78,298,99,299,105,297,108,294,108,284,102,278,63,278,57,280,41,281
