25,214,25,221,28,225,34,228,50,229,59,230,80,230,85,229,88,226,88,216,86,215,86,211,85,209,80,208,56,208,53,209,49,208,35,208,30,209
350,249,350,256,352,257,355,258,383,259,388,258,390,256,390,250,388,247,385,247,355,246
401,247,401,255,405,257,423,257,429,255,429,249,425,246,407,246
494,247,485,245,465,246,460,247,457,249,457,254,459,257,465,258,489,258,492,257,495,254
518,248,518,253,521,255,536,256,541,255,542,254,542,247,540,246,525,246
92,255,93,264,95,266,101,268,166,268,171,267,174,264,174,255,170,252,167,251,101,250,95,252
258,259,259,267,261,269,269,270,309,270,315,268,317,265,316,257,314,256,307,254,269,255,260,256
356,278,356,284,365,287,383,287,387,286,389,284,389,279,384,276,365,275,359,276
274,297,274,303,275,304,280,306,303,306,307,304,310,302,310,296,303,293,279,294,276,294
110,307,110,314,119,316,131,315,152,317,157,316,161,313,161,307,160,305,155,304,133,304,129,305,115,304,111,306
