121,0,122,14,127,14,134,16,149,16,169,13,172,11,177,13,194,13,199,12,208,8,207,0
92,2,92,12,94,14,99,18,105,19,120,19,126,16,128,14,133,16,149,16,169,13,172,11,176,13,194,13,199,12,208,8,208,0,93,0
200,0,200,8,211,11,225,11,245,9,247,8,247,6,251,3,251,0
94,0,93,11,95,14,103,18,120,18,125,16,127,14,130,13,130,6,129,5,129,0
459,35,457,33,455,33,439,33,425,34,410,34,401,36,399,38,400,53,456,53,456,51,459,49,460,47
140,51,139,61,140,64,144,66,185,66,190,65,193,62,193,53,190,50,184,48,149,47,142,49
194,44,190,48,188,55,189,79,190,91,188,104,185,107,185,122,189,134,189,154,190,154,195,158,198,159,214,159,219,156,225,149,225,142,231,135,235,127,236,120,236,113,238,109,238,95,235,89,235,81,233,74,230,71,228,69,223,67,220,64,220,51,219,48,213,44
386,54,387,68,390,72,391,79,396,82,430,83,442,82,469,81,472,80,475,77,475,53,475,51,470,48,460,47,459,46,445,46,437,47,412,47,409,46,397,46,388,52
351,55,345,60,342,69,342,82,344,86,344,107,347,112,347,134,349,140,353,146,361,151,387,151,390,150,394,146,396,137,395,93,390,86,393,82,393,66,388,59,381,55,378,55,375,54,360,54
460,31,436,31,423,32,408,32,399,34,397,35,396,46,391,48,385,54,385,66,390,72,390,79,394,82,404,84,431,84,443,82,470,82,474,80,476,76,476,53,473,48,462,46,462,35
339,74,331,71,289,72,284,75,284,89,290,91,320,91,337,87,339,86
232,80,233,89,239,92,281,92,290,89,290,75,285,74,265,74,259,73,244,73,235,76
400,87,401,96,405,97,465,97,470,93,470,86,467,83,465,82,412,82,405,84
249,97,249,104,251,107,257,109,265,109,305,109,307,111,322,111,325,109,327,103,327,94,324,91,320,89,287,89,284,91,261,91,252,93,250,95
470,99,467,97,436,97,420,99,407,99,403,100,402,101,402,106,399,109,399,116,403,119,460,119,468,117,472,114,472,106,470,104
155,111,155,120,156,122,160,123,186,124,191,120,195,120,195,110,191,110,185,107,161,107
328,111,321,106,307,106,305,107,295,107,289,109,266,107,258,109,254,111,252,113,252,120,256,124,260,125,285,125,291,123,318,124,327,122
322,128,318,123,312,122,296,122,270,124,267,125,264,128,264,136,266,139,270,140,312,140,319,139,321,137
160,143,160,151,162,154,165,154,190,155,198,152,198,140,172,139,165,140,161,141
355,224,355,232,360,234,368,235,382,235,391,232,393,228,393,220,389,217,385,216,366,216,361,217,356,221
281,313,281,325,289,331,293,332,356,332,364,328,364,319,361,316,350,314,345,312,325,312,321,310,311,309,308,308,294,308,285,310,284,312
365,319,365,330,370,336,373,338,403,340,405,339,409,338,435,339,435,340,450,340,461,338,465,337,467,334,467,321,459,316,453,314,419,314,402,311,376,311,372,313
253,332,242,328,236,328,232,326,212,326,206,328,195,336,190,344,188,345,187,349,185,353,185,364,186,366,188,377,190,381,194,382,215,382,215,381,229,381,230,376,235,376,235,374,237,372,246,368,255,362,260,356,260,341,260,338,257,337,257,335
462,372,462,379,465,382,468,383,490,385,496,387,505,387,517,384,519,382,519,372,515,368,470,368,464,369
