223,201,221,203,221,213,231,221,255,221,264,218,265,214,265,203,259,196,255,195,235,195,228,197
132,208,133,220,136,221,148,223,201,223,207,222,213,216,212,206,206,204,195,203,138,203,133,206
285,213,285,220,287,221,287,223,290,224,294,227,325,227,332,223,334,220,334,213,331,207,327,204,320,203,295,203,290,206
357,222,357,226,355,227,355,238,360,241,369,241,377,246,380,246,386,248,393,248,400,250,431,251,434,249,434,236,429,227,426,226,422,226,420,223,418,223,414,218,407,214,391,214,386,218,382,219,374,220,370,221
365,223,365,233,368,235,368,241,370,242,375,246,386,248,393,248,406,251,431,251,434,249,434,236,429,227,426,226,422,226,420,223,418,223,414,218,410,215,407,214,391,214,385,218,374,220,368,221,368,223
334,242,332,245,332,253,335,256,345,258,356,258,363,256,364,245,360,242,350,240,339,240
0,254,0,268,3,269,5,272,10,274,10,278,14,280,33,281,40,280,65,280,70,276,70,268,68,266,65,265,56,264,55,258,51,255,46,254
87,288,86,290,82,290,78,296,78,308,85,311,103,310,108,306,110,303,109,295,101,290,96,290,95,288
196,330,195,339,199,341,202,343,212,343,219,340,220,331,216,328,212,327,202,327
364,322,362,323,360,330,360,353,362,356,365,358,374,358,376,355,377,352,377,325,375,322
171,348,171,355,175,357,194,357,197,355,197,348,193,345,175,345
161,360,162,367,167,370,170,371,212,370,216,369,219,366,219,359,213,356,167,355,165,356
165,401,165,408,170,411,203,412,209,410,209,401,206,400,199,398,174,397,166,399
