440,33,428,26,422,25,415,22,380,23,377,25,333,26,330,26,329,29,317,30,312,33,312,35,304,40,303,54,305,55,305,57,307,58,310,66,315,71,315,72,317,73,318,75,325,78,342,78,344,77,355,77,358,75,362,75,373,76,397,75,401,73,410,73,418,69,425,68,436,61,440,56
58,166,58,178,61,183,61,188,65,191,127,191,144,190,149,188,155,184,157,180,157,168,155,165,151,161,141,159,76,158,64,161
487,225,488,241,491,245,493,250,502,254,530,254,538,255,561,256,572,258,592,257,595,255,595,231,591,227,586,224,570,222,561,220,553,219,541,216,524,216,498,218,490,221
14,251,12,253,12,263,14,263,14,266,19,269,35,270,35,277,38,278,39,283,76,283,84,280,91,266,91,253,87,250,83,249,56,250,43,248,19,249
519,272,519,280,524,284,529,285,530,286,541,286,546,288,592,288,596,287,599,285,598,276,591,273,586,273,578,271,524,270,520,271
519,272,519,280,524,284,529,285,530,286,541,286,546,288,592,288,596,287,599,285,598,276,591,273,586,273,578,271,525,270,520,271
505,286,505,297,507,299,518,303,522,303,534,307,603,308,603,293,601,293,595,293,593,291,582,290,565,290,563,289,559,289,555,286,547,286,544,285,518,285
493,318,492,351,495,360,499,363,520,364,526,366,531,366,535,367,553,366,560,368,576,368,579,370,605,370,615,369,618,366,639,366,639,341,636,339,631,338,631,330,630,328,625,325,615,323,595,323,590,321,580,321,579,320,545,319,535,316,525,316,520,315,497,315
493,318,492,351,495,360,499,363,517,363,535,367,553,366,560,368,576,368,579,370,605,370,615,369,618,366,639,366,639,341,636,339,631,338,631,330,630,328,625,325,615,323,595,323,590,321,580,321,579,320,545,319,535,316,525,316,520,315,497,315
493,318,492,351,495,360,499,363,520,364,535,367,553,366,560,368,576,368,579,370,605,370,615,369,618,366,639,366,639,341,636,339,631,338,631,330,630,328,625,325,615,323,595,323,590,321,580,321,579,320,545,319,535,316,525,316,520,315,497,315
