198,27,198,43,205,51,210,53,211,56,240,55,247,56,248,57,294,56,300,52,301,48,304,46,305,44,305,30,299,21,287,18,248,16,210,17,205,20
356,35,350,31,350,30,346,29,343,27,299,28,295,30,290,30,289,39,286,40,285,45,260,46,254,45,208,45,208,46,203,51,201,54,201,79,203,81,205,81,207,84,212,86,225,88,233,88,237,90,238,91,251,91,252,93,290,95,311,95,312,93,336,93,339,91,345,90,355,85,355,82,357,80,358,38
201,75,200,73,190,65,182,61,175,60,154,60,150,61,128,63,76,63,63,67,55,76,55,98,57,101,64,106,80,113,120,113,127,115,152,115,175,113,184,110,196,103,201,91
201,95,202,118,206,122,217,127,220,127,228,130,260,130,274,130,286,132,323,132,331,131,343,127,350,121,352,113,352,98,346,91,340,88,339,85,335,83,335,81,285,82,269,81,268,80,260,80,228,80,225,81,221,83,215,86,210,86
480,113,475,106,470,103,462,100,425,99,412,101,369,103,359,105,350,111,350,113,349,115,350,133,354,134,354,139,360,142,365,146,372,148,381,149,384,150,450,148,465,147,471,146,475,144,480,138
85,123,83,126,83,132,85,135,93,136,106,136,113,135,114,125,110,121,90,121
255,143,255,153,258,156,260,156,282,156,296,155,301,153,303,150,303,143,297,139,261,139,256,141
91,151,92,160,95,161,97,165,100,165,102,166,118,166,119,167,137,167,138,164,145,163,178,165,185,158,185,147,181,143,175,141,153,140,106,140,100,141,97,143,95,143,95,150
297,144,296,153,300,156,304,158,320,158,326,156,327,147,324,145,318,143,303,143
320,147,320,156,322,160,327,162,360,163,368,161,370,160,371,158,370,149,367,146,365,145,327,145
506,148,506,162,511,168,521,171,546,175,592,175,615,173,616,166,619,162,619,153,611,147,593,145,561,145,540,143,516,143,512,144
435,162,435,170,437,172,441,173,485,175,490,174,494,171,493,161,488,159,475,159,470,158,440,158,438,158
608,154,608,161,605,163,605,172,611,180,616,182,630,182,633,183,639,183,639,155
40,145,40,169,41,172,44,174,44,176,46,179,70,179,73,176,76,176,78,177,78,183,84,186,98,186,109,188,136,188,148,190,175,189,177,186,177,182,183,181,187,180,187,166,185,165,188,161,188,145,185,141,178,140,156,138,104,138,98,140,95,141,92,141,92,148,89,149,88,155,85,153,85,140,81,136,73,133,54,134,45,138
65,158,65,173,67,175,77,175,79,176,79,182,85,185,99,186,110,188,171,189,175,187,177,181,182,181,186,179,186,167,184,165,184,164,187,160,187,146,184,142,177,140,155,139,105,139,99,140,95,142,93,142,93,149,90,150,89,157,86,154,70,154
66,159,66,172,69,173,79,174,80,175,80,181,86,184,100,185,111,186,170,188,174,186,175,180,180,180,185,178,185,168,182,166,182,161,179,158,135,157,134,158,133,162,131,162,130,161,126,161,125,160,105,160,87,158,85,155,71,155
551,183,551,191,557,195,595,196,601,199,623,199,627,198,630,195,630,186,622,181,605,183,600,181,557,180
501,188,495,187,481,187,476,189,460,190,454,193,454,202,456,204,455,216,459,218,459,223,461,225,489,225,494,225,498,222,498,216,502,214,503,190
60,225,43,225,42,226,36,226,36,227,35,228,33,238,30,240,13,240,11,241,11,250,10,253,10,268,5,285,7,322,5,326,5,343,7,348,11,353,16,356,20,356,20,357,37,357,42,354,48,348,50,345,50,331,51,329,59,326,61,325,64,320,64,275,66,260,69,259,69,246,65,245,65,236
13,209,10,211,10,249,9,252,9,268,5,285,6,321,5,326,5,343,6,348,9,351,15,356,19,356,20,358,38,358,43,355,50,348,51,330,60,327,62,325,65,320,65,276,67,261,70,260,70,246,66,244,65,235,61,224,54,224,53,220,47,219,46,208
