117,62,117,71,118,75,120,75,141,77,166,77,169,75,168,65,164,62,155,62,128,59,119,59
165,67,165,75,169,80,195,81,197,79,197,69,195,65,169,64
294,72,294,70,292,68,276,68,261,70,238,69,236,71,236,83,237,85,239,87,290,88,294,86
290,74,290,87,293,90,317,90,320,86,320,79,319,76,313,73
334,98,333,95,326,90,298,92,287,91,281,95,280,98,280,108,284,113,289,114,330,115,333,113,334,110
98,97,98,130,106,142,114,148,134,149,138,151,166,151,192,150,195,148,206,148,217,153,239,153,248,149,253,142,253,102,252,98,245,87,239,84,212,81,172,83,160,81,146,81,126,78,111,78,103,85,100,90
281,125,281,137,283,141,288,145,331,145,334,143,336,138,336,122,334,119,328,115,288,115,285,117,282,121
249,170,248,166,246,165,237,164,230,166,217,168,207,174,200,174,191,176,189,180,189,195,192,196,193,198,216,198,225,195,234,194,247,186,249,180
226,215,225,222,225,233,226,238,230,245,235,247,251,248,257,244,259,235,259,223,257,217,254,211,251,210,234,210,231,210
147,235,147,255,149,260,152,268,157,272,170,273,177,271,179,273,187,274,206,272,211,268,217,260,219,255,218,230,212,220,207,216,195,217,183,215,159,215,151,224,149,227,149,233
125,305,125,313,126,316,129,318,175,317,178,315,178,306,177,304,175,303,159,303,149,301,128,300,126,301
176,307,176,316,180,318,205,319,207,316,207,307,206,305,203,304,180,303,177,305
246,306,246,317,250,321,289,321,304,320,308,318,308,306,304,303,250,303
304,307,304,318,306,320,331,320,335,318,335,308,330,305,307,305
117,345,117,365,118,374,121,377,129,383,132,384,144,384,156,386,209,385,229,387,240,390,258,390,267,385,271,379,271,375,271,351,270,340,269,337,261,325,255,322,225,322,217,324,173,324,130,322,122,328,120,332
288,355,288,365,289,370,296,373,310,373,311,375,318,375,333,375,337,372,340,365,340,354,338,349,332,345,325,345,320,343,298,344,291,346,289,350
