516,144,515,142,509,140,445,141,441,143,410,143,405,143,400,146,400,155,403,158,407,160,436,160,448,158,470,159,471,158,475,159,485,159,487,158,499,158,501,156,511,156,515,154
513,158,510,155,500,154,500,153,490,153,486,154,484,153,474,153,473,154,435,153,431,155,407,155,403,160,403,166,405,170,414,173,430,173,435,171,448,172,452,171,505,171,511,168,513,165
218,160,217,158,212,156,180,156,173,158,156,157,152,158,140,157,119,158,112,161,111,173,114,176,125,178,149,178,159,176,216,176,218,176
218,170,170,170,139,172,117,171,111,176,111,183,113,185,117,186,211,186,219,184
601,205,600,216,608,222,639,222,639,201,610,201
612,286,609,290,609,298,611,301,611,306,613,308,619,310,639,310,639,286
614,314,614,322,616,324,639,325,639,311,618,311,615,312
141,336,141,343,143,345,147,346,179,346,185,346,190,343,190,337,185,333,150,333,145,334
435,341,435,350,440,352,480,352,486,350,486,341,481,339,445,339,438,340
440,432,433,431,433,423,429,423,428,421,420,421,420,420,397,420,396,423,393,424,377,424,374,423,370,421,356,421,354,418,354,415,330,415,330,416,320,417,319,419,305,419,304,420,300,420,300,418,274,418,269,420,266,423,265,423,261,426,258,426,257,429,250,430,246,433,241,436,239,443,235,448,235,450,232,453,231,459,230,460,230,478,234,479,358,479,364,475,368,475,369,471,375,471,376,474,379,474,380,475,411,475,415,474,431,474,433,471,440,468,441,454
