98,68,95,70,95,75,93,78,90,90,88,93,87,96,84,97,84,99,82,101,80,102,80,135,82,137,79,144,78,154,78,189,81,198,81,287,79,292,79,345,83,351,85,354,98,355,99,356,119,356,120,355,132,355,133,353,134,353,135,349,135,311,135,308,137,306,138,301,141,295,142,277,143,275,143,249,144,241,144,210,143,191,145,186,145,156,147,155,149,151,149,118,145,106,145,93,144,91,144,87,142,83,142,80,141,76,137,71,128,66,108,66
98,68,95,70,95,75,93,78,93,80,92,81,92,87,90,90,88,93,88,117,85,118,84,134,82,135,79,144,78,189,81,198,81,287,79,292,79,345,83,351,85,354,98,355,99,356,119,356,120,355,132,355,133,353,134,353,135,349,135,311,135,308,137,306,138,301,141,295,142,277,143,275,143,249,144,241,144,210,143,191,145,186,145,156,147,155,149,151,149,118,145,106,144,99,143,96,142,80,141,76,137,71,128,66,108,66
49,319,45,323,42,332,42,370,43,376,42,381,42,420,44,425,48,430,51,430,52,432,63,432,69,429,71,426,74,417,74,405,73,399,73,375,74,372,74,355,73,352,74,349,74,333,72,326,65,320
390,350,388,354,388,389,389,393,391,395,391,400,395,407,395,429,398,440,401,443,414,443,419,440,421,433,422,430,423,423,424,420,425,415,425,357,419,350,414,348,398,347
48,320,46,324,43,333,43,352,42,357,42,370,44,375,43,382,43,398,47,403,71,403,73,395,73,331,69,325,64,320
311,471,312,483,315,489,317,490,347,490,350,488,350,471,350,470,346,467,318,465,313,467
48,523,47,520,43,518,33,518,30,519,23,524,19,524,18,525,12,525,8,528,0,528,0,548,5,548,13,545,26,546,30,544,36,543,42,539,47,538,48,534
0,556,0,575,16,575,22,576,52,576,56,573,56,560,55,559,52,556,34,556,32,555,18,556
270,585,270,590,268,595,268,612,270,618,274,622,281,624,296,624,300,622,309,622,313,620,315,616,315,600,314,590,311,583,297,582,296,571,281,571,281,585
0,595,0,616,9,616,11,612,11,599,6,595
311,571,308,570,296,570,291,571,275,571,271,573,270,575,270,591,268,595,268,613,270,619,274,623,281,625,297,625,301,623,310,623,314,620,316,617,316,600,315,590,312,585,312,575
0,595,0,639,7,638,11,631,11,618,10,615,11,612,11,601,11,599,8,596
