589,0,589,4,595,7,611,8,619,7,639,7,639,0
220,11,219,14,219,23,220,27,226,33,230,34,268,35,275,38,276,39,286,39,287,30,290,28,290,24,291,24,291,17,285,9,271,6,235,5,227,7
280,14,280,27,278,29,270,29,270,36,277,39,280,43,290,47,313,47,318,46,322,45,325,42,326,39,326,29,320,23,312,21,295,20,290,17,289,14
137,40,137,47,147,57,155,57,166,62,214,62,221,60,227,55,227,43,226,40,223,38,215,36,179,35,174,33,170,32,166,30,155,30,147,31,142,34
88,77,89,86,97,90,131,90,135,88,138,85,138,77,132,73,128,71,104,71,103,72,99,72,90,74
205,89,205,97,208,99,231,100,237,99,239,98,239,90,232,86,215,86,208,88
274,87,273,96,271,98,271,106,274,109,288,110,292,111,295,113,307,114,316,114,318,113,332,112,335,111,335,101,333,98,303,98,301,96,302,89,299,84,295,83,280,83,278,84
89,104,89,115,94,121,117,120,122,122,126,122,127,123,130,123,130,125,140,125,144,121,146,120,151,116,152,107,149,102,140,100,120,100,113,99,104,99,91,101
142,98,122,99,115,97,101,97,89,100,86,102,86,116,89,118,89,120,86,122,87,156,92,161,102,165,103,167,117,167,119,166,122,166,124,163,132,161,136,159,138,159,139,157,143,155,143,146,140,146,136,144,136,140,146,139,146,131,145,130,144,124,145,122,148,121,153,117,154,106,150,100
95,115,95,117,93,118,88,123,90,147,89,156,94,160,104,164,105,166,116,166,118,165,121,165,123,163,131,161,135,158,137,158,138,156,142,154,142,147,139,147,135,145,135,139,145,139,145,132,144,131,143,121,140,119,140,117,132,117,130,115
484,285,482,287,483,300,490,304,493,304,499,306,501,312,505,315,509,316,525,316,529,313,531,309,531,301,529,297,529,287,525,283,525,279,512,279,510,280,508,280,507,281,499,281,496,283
260,377,260,387,262,389,263,392,273,397,304,398,311,396,316,392,318,386,318,380,315,376,307,372,271,372,265,374
