83,140,82,164,84,173,88,179,100,182,101,184,105,184,108,186,130,186,131,185,137,184,140,180,142,180,150,180,152,177,152,165,154,164,154,159,157,157,157,139,154,139,154,137,149,134,107,133,105,135,86,135
399,176,399,186,403,190,410,192,413,195,426,195,426,174,402,173
83,194,83,205,85,207,86,208,123,209,128,207,130,204,130,194,129,191,127,190,87,190
319,200,320,215,321,216,325,218,376,218,382,217,385,215,386,212,386,202,384,198,382,196,324,194,322,195
396,193,392,205,392,225,395,235,397,235,398,238,400,238,409,243,416,244,420,245,426,245,426,187,414,186,414,185,407,185,405,189,400,190
83,207,83,218,87,221,137,222,142,220,145,216,145,206,142,203,92,202,85,204
229,222,229,235,231,239,233,240,320,242,324,241,327,238,327,225,323,219,272,220,252,218,248,220,242,217,235,217,230,220
76,262,65,261,58,262,57,265,38,266,36,268,35,274,35,284,36,291,50,292,51,294,60,294,60,292,62,290,66,290,72,287,76,282
88,284,88,297,90,300,111,298,111,300,117,300,117,298,126,297,130,290,130,282,128,279,126,278,97,278,91,280,89,281
142,327,138,320,136,300,127,291,118,290,118,292,111,292,110,295,103,300,103,301,101,303,101,317,102,319,102,320,83,320,80,321,79,324,79,335,81,337,85,339,108,340,111,341,126,342,140,340,142,338
399,315,396,310,390,310,383,306,299,306,297,308,295,312,295,326,299,331,328,330,334,331,336,333,346,332,394,334,396,332,399,328
295,327,295,335,296,339,299,341,336,343,341,340,343,337,343,325,340,323,300,322,296,325
266,329,266,338,268,340,291,340,295,336,295,328,292,324,290,323,271,322
142,420,142,430,145,434,165,435,169,434,172,430,171,420,166,417,147,417
