243,57,245,58,247,59,247,60,250,61,250,63,258,63,258,67,272,67,273,65,285,64,285,63,287,62,287,61,291,60,291,58,292,57,305,57,307,56,312,55,322,47,322,34,318,30,313,28,307,28,306,27,303,27,291,27,283,29,279,26,277,25,257,26,252,28,251,31,247,35,246,38,245,39,244,46,243,47
243,57,245,58,249,61,249,66,252,67,272,67,273,65,285,64,285,63,287,62,287,61,291,60,291,58,292,57,305,57,307,56,312,55,322,47,322,34,318,30,313,28,307,28,306,27,303,27,291,27,283,29,279,26,277,25,257,26,252,28,251,31,247,35,246,38,245,39,244,46,243,47
251,46,249,45,249,42,248,42,248,38,241,35,238,34,235,33,233,33,231,30,229,30,228,29,220,29,210,28,190,28,186,29,182,29,179,30,144,30,118,31,110,32,106,35,102,38,100,42,100,57,104,63,115,71,119,72,143,73,145,74,167,74,168,74,168,76,186,76,187,76,190,76,195,77,213,77,222,75,223,72,231,72,233,71,238,71,246,66,251,59
243,79,243,86,241,86,242,111,242,112,248,113,250,116,252,116,252,117,257,117,266,119,328,120,375,120,380,121,401,122,429,122,435,118,438,118,438,117,442,117,442,112,445,112,445,111,449,109,449,93,447,89,447,81,444,81,443,80,435,80,434,79,427,79,426,74,424,74,423,73,419,72,410,72,402,68,338,68,337,69,330,69,328,70,278,70,269,72,257,72,256,75,253,75,252,77,246,77,246,79
241,74,242,111,242,112,248,113,250,116,252,116,252,117,257,117,266,119,328,120,375,120,380,121,401,122,429,122,435,118,438,118,438,117,442,117,442,112,445,112,445,111,449,109,449,93,447,91,447,81,444,81,443,80,435,80,434,79,427,79,426,74,424,74,423,73,419,72,410,72,402,68,338,68,337,69,330,69,328,70,278,70,273,71,251,71,249,72,242,72,242,73
63,121,63,138,65,138,65,142,69,143,70,147,74,149,74,155,80,160,110,160,113,159,117,159,121,158,128,154,128,151,143,154,151,154,158,155,205,154,207,153,209,151,214,149,216,147,218,147,219,146,220,128,218,121,205,119,203,117,199,117,198,116,195,116,194,115,179,115,177,114,169,114,169,113,165,112,153,112,152,112,145,110,143,109,140,108,138,108,137,107,117,107,109,110,88,110,85,110,79,111,78,112,73,112,72,112,69,116
63,121,63,138,65,138,65,141,69,142,69,145,71,145,71,147,74,148,74,153,79,154,80,159,109,160,113,159,116,159,120,157,127,153,128,150,143,153,151,153,158,155,204,154,207,153,208,151,213,149,216,146,218,146,218,145,219,128,217,121,205,119,202,117,199,117,197,116,195,116,193,115,179,115,176,114,169,114,168,113,164,112,152,112,152,112,144,110,142,109,139,108,137,108,136,107,117,107,109,110,88,110,85,110,79,111,79,114,70,114,68,117,65,119,65,121
63,121,63,138,65,138,65,141,69,142,70,146,74,148,74,153,79,154,80,159,109,160,113,159,116,159,120,157,127,153,128,150,143,153,151,153,158,155,204,154,207,153,208,151,213,149,216,146,218,146,218,145,219,128,217,121,205,119,202,117,199,117,197,116,195,116,193,115,179,115,176,114,169,114,168,113,164,112,152,112,152,112,144,110,142,109,139,108,137,108,136,107,117,107,109,110,88,110,85,110,79,111,78,112,73,112,72,112,69,116
63,121,63,138,65,138,65,142,69,143,70,147,74,149,74,155,80,160,110,160,113,159,117,159,121,158,128,154,128,151,143,154,151,154,158,155,205,154,207,153,209,151,214,149,216,147,218,147,219,146,220,128,218,121,205,119,203,117,199,117,198,116,195,116,194,115,179,115,177,114,169,114,169,113,165,112,153,112,152,112,145,110,143,109,140,108,138,108,137,107,117,107,109,110,88,110,85,110,79,111,78,112,72,112,69,116
279,146,279,163,281,171,282,171,283,172,291,174,296,176,299,176,304,177,357,177,358,176,364,176,373,174,386,174,410,172,415,171,423,171,426,170,431,165,431,163,434,161,434,142,430,138,430,135,423,132,419,132,419,131,412,130,384,129,340,130,335,129,315,129,301,131,296,135,293,136,290,137,287,139,285,139,281,145
115,154,113,155,113,156,111,157,110,161,110,163,107,166,107,167,104,170,102,174,102,185,103,187,109,190,109,192,111,193,111,194,115,195,130,195,139,194,141,192,142,192,144,189,147,187,147,183,146,168,144,166,143,160,138,156,134,155,130,154
