89,0,88,4,86,5,88,34,90,41,91,51,99,61,120,61,131,53,135,43,135,0
34,0,28,6,24,16,25,59,31,68,38,73,58,73,59,70,69,70,68,61,70,53,70,46,72,43,75,25,74,9,70,5,70,3,66,1,66,0
508,7,507,9,500,13,501,24,527,25,531,20,530,12,527,9,522,7
639,3,633,3,626,6,615,8,583,7,577,6,556,6,553,7,543,14,542,31,547,36,554,39,595,39,596,38,616,38,621,38,622,39,639,40
496,16,496,19,491,24,490,28,490,42,493,49,490,59,490,84,493,101,493,115,495,119,495,142,493,144,495,198,496,200,527,200,527,192,535,191,535,186,536,181,535,164,537,161,537,143,535,137,535,122,534,119,537,114,537,84,535,81,536,26,532,18,517,17,515,16
639,33,623,33,622,34,614,35,606,34,582,34,568,35,540,34,535,36,532,38,531,47,533,49,536,51,545,51,608,52,612,50,639,50
639,33,623,33,622,34,617,34,540,34,535,36,532,38,531,47,533,49,536,51,597,52,599,53,600,57,602,59,608,60,639,60
453,36,445,42,443,44,443,56,440,63,440,79,443,87,442,103,445,110,444,115,442,117,443,129,451,133,477,133,482,128,482,117,479,109,480,61,478,44,475,39,472,37
97,53,94,56,91,62,89,124,87,128,87,138,83,152,83,171,85,174,88,175,97,177,119,177,120,176,127,175,133,170,136,164,136,158,138,153,138,134,133,115,133,67,131,62,123,53
29,0,25,4,20,14,21,59,26,68,24,71,21,77,18,80,18,84,15,92,15,114,17,118,17,138,20,141,25,143,59,144,60,143,63,143,64,138,81,138,80,122,72,117,72,116,78,111,79,101,80,99,80,92,82,89,82,73,75,65,73,64,72,61,78,27,77,7,74,3,74,1,71,0
411,106,405,109,400,113,398,118,398,127,400,132,400,153,399,164,395,168,395,172,394,174,393,196,395,199,399,200,400,202,404,202,409,204,425,204,430,203,434,201,437,197,437,192,440,187,440,179,441,173,441,158,440,155,440,151,437,147,436,131,438,127,438,118,435,112,430,107,426,106
412,107,405,109,401,113,399,119,399,127,401,132,401,153,400,165,398,166,397,171,395,175,394,196,396,199,400,200,401,202,405,202,410,204,425,204,430,203,434,201,437,197,437,192,440,187,441,158,440,155,440,151,437,148,436,131,438,127,438,118,435,113,430,108,426,107
607,144,601,143,597,140,588,138,587,137,550,138,549,139,543,140,542,148,538,148,537,151,532,151,532,162,534,163,535,169,536,170,537,176,539,176,540,179,542,181,560,181,569,182,591,182,601,179,609,175,610,171,613,169,613,154,609,149
239,219,240,232,246,237,253,239,272,239,280,240,328,239,334,237,340,234,343,234,345,232,345,224,343,224,343,217,341,217,340,214,333,211,325,210,322,209,293,209,255,208,251,208,246,211
339,215,339,216,336,218,337,232,339,235,350,238,364,239,369,240,386,240,393,235,396,235,396,228,401,227,402,226,402,219,400,219,399,216,389,211,383,210,353,210,347,214
509,211,506,212,501,216,497,225,496,237,495,242,495,272,497,276,497,280,495,282,495,292,499,296,498,306,500,309,506,311,525,311,530,310,535,308,535,293,536,291,536,283,535,281,535,222,532,217,527,213,523,211
221,384,216,379,211,376,205,374,197,374,191,373,104,374,93,379,90,383,89,399,91,403,95,406,96,411,100,413,107,414,117,414,120,416,165,416,182,414,184,415,211,415,214,414,218,411,218,401,222,398
