371,106,371,114,374,117,379,120,385,121,386,122,428,121,435,118,438,115,437,105,432,101,426,100,378,100,374,103
313,100,308,102,305,107,305,120,307,121,307,125,312,126,316,127,325,127,330,126,337,117,337,108,330,101,327,100
220,108,220,118,223,121,238,121,246,120,292,120,299,117,298,108,285,105,227,105,221,106
205,118,205,129,213,132,227,132,230,131,270,131,310,130,317,126,317,119,315,117,315,115,314,114,300,114,299,107,286,104,225,104,220,105,218,107,218,115,210,116,206,117
316,120,315,118,315,116,313,115,237,115,230,116,212,117,208,118,206,119,206,129,215,131,226,131,230,130,270,130,309,129,316,126
414,132,412,135,412,141,415,144,424,147,440,147,448,145,450,141,450,135,445,131,441,130,426,130,419,130
445,197,445,203,447,203,449,206,452,208,461,208,462,207,481,207,496,205,500,202,500,193,496,190,455,191,450,192
550,223,546,219,540,216,521,216,509,216,504,217,492,217,481,219,478,220,475,223,470,224,453,224,448,227,445,230,445,243,447,245,454,249,458,250,479,250,485,248,488,246,491,248,505,248,506,247,517,247,517,245,521,243,525,243,527,245,540,245,550,236
540,238,510,237,510,239,505,241,492,241,490,243,481,247,477,250,475,253,475,265,480,270,484,273,489,274,496,275,515,275,520,274,532,274,537,272,543,266,546,261,546,252,545,249,541,246
243,264,243,272,249,275,275,275,277,275,281,272,280,264,275,262,251,262,246,262
215,291,220,294,226,295,282,295,290,296,299,296,305,295,307,292,307,284,302,282,285,282,283,281,275,280,223,280,216,283
235,296,235,302,236,304,251,308,281,307,288,305,290,303,290,296,287,294,283,293,241,292,238,294
