312,131,308,129,292,129,290,130,270,131,266,133,249,133,245,131,221,132,218,135,218,153,220,155,223,155,225,159,223,160,218,160,216,165,215,188,218,195,223,197,233,198,235,201,238,204,256,204,260,202,291,203,295,200,295,193,311,192,313,190,313,171,310,170,308,169,308,165,307,162,305,160,305,153,312,150
310,134,306,131,294,131,291,133,272,134,268,135,247,135,243,134,223,135,220,137,220,150,222,153,225,153,227,155,227,167,231,167,231,171,250,171,261,167,278,167,281,168,282,170,286,170,299,170,303,165,303,150,310,147
303,149,302,146,300,145,300,140,296,137,296,133,268,135,266,135,266,141,240,143,238,145,236,145,235,149,230,149,228,151,227,155,227,166,231,166,231,170,249,170,261,166,278,166,281,167,282,169,286,170,298,170,303,164
234,150,234,170,249,170,261,166,279,166,282,167,283,169,287,170,298,170,303,164,302,147,301,147,300,145,292,145,291,143,289,142,245,143,241,144,239,146,236,146,236,149
311,173,308,172,306,170,306,167,305,164,303,162,300,162,299,160,290,160,288,160,287,157,266,157,263,159,248,158,242,161,219,162,216,169,216,185,220,192,224,195,234,195,236,199,239,201,255,201,258,200,290,200,293,198,293,190,309,190,311,187
217,170,217,185,220,190,225,194,233,194,235,195,236,198,244,198,245,195,247,193,265,192,265,190,268,190,304,190,308,189,310,186,310,174,307,173,306,171,305,165,303,163,300,163,298,161,286,161,285,165,281,165,280,166,278,167,254,167,253,165,253,160,245,160,243,162,226,162,220,163
217,170,217,185,220,191,225,195,235,195,236,199,240,201,255,201,258,200,290,200,293,198,293,190,305,190,309,190,311,187,311,174,308,173,306,171,305,165,303,163,300,163,299,161,286,161,285,165,281,165,280,166,278,167,255,167,253,165,253,160,245,160,243,162,226,162,220,163
291,187,288,185,273,185,265,186,241,186,240,188,237,188,237,195,241,200,253,200,257,198,288,199,291,196
236,221,236,231,240,234,278,235,318,233,323,230,323,217,320,215,270,215,266,216,240,218
178,248,178,265,180,268,183,269,199,269,202,270,208,270,209,272,219,272,220,270,228,267,237,269,249,269,253,268,255,266,255,255,253,252,247,250,231,251,229,245,208,244,201,245,181,245
351,250,351,258,352,258,353,260,355,262,376,261,378,258,378,250,375,246,359,245,355,246
230,248,228,245,224,244,181,245,178,248,178,265,180,267,183,268,199,268,202,270,208,270,209,271,218,271,219,269,230,265
379,249,377,245,371,244,358,244,354,245,351,247,346,247,344,245,325,246,321,250,320,253,320,257,318,259,318,272,319,276,323,280,332,281,335,283,349,283,352,282,353,280,368,280,377,279,380,275
211,264,183,264,180,265,180,274,181,275,208,276,211,274
318,259,318,275,321,279,325,281,332,281,335,283,349,283,352,282,353,280,368,280,377,279,380,275,379,256,377,254,359,254,358,252,357,248,351,248,344,245,325,246,321,250,320,253,320,257
221,272,218,265,207,265,207,267,205,270,198,270,197,272,181,272,180,274,180,282,181,284,203,284,206,285,218,285,221,281
343,291,344,305,366,307,371,306,372,305,376,304,379,301,379,291,377,290,367,290,360,287,348,287,346,288
311,295,311,303,314,306,318,308,330,307,336,305,335,291,318,291
238,298,233,295,205,295,196,296,173,297,172,299,172,309,176,310,186,310,190,311,198,311,205,309,219,310,234,310,238,309,238,307
208,297,198,296,174,298,173,300,173,309,176,310,187,310,190,311,203,310,208,308
180,315,180,324,181,325,226,326,232,325,233,324,237,323,237,315,235,313,215,311,215,310,205,310,204,311,181,314
180,315,180,324,181,325,193,325,195,333,209,334,214,332,235,331,250,332,258,331,259,330,259,321,251,320,238,320,237,314,235,312,215,310,215,309,204,309,203,310,181,313
195,322,195,333,209,334,214,332,235,331,250,332,258,331,259,330,259,322,251,320,205,320,195,320
387,348,383,345,360,348,359,358,384,359,386,358,387,355
298,351,298,360,300,362,326,362,328,360,328,352,325,350,300,350
190,353,190,361,192,364,216,365,223,363,231,364,239,362,258,362,260,360,260,353,257,351,223,352,193,350
190,352,189,370,193,372,233,372,241,370,260,370,260,352,257,350,223,351,193,350
256,353,256,360,259,363,281,363,287,360,287,352,285,351,259,351
189,360,189,370,193,372,233,372,241,370,260,370,260,360,256,358,223,360,206,357,191,357
256,360,256,370,259,371,283,372,288,369,288,360,283,359,258,359
231,376,231,387,251,389,261,388,263,385,263,377,262,375,238,375
235,375,230,374,216,374,214,375,175,375,173,377,173,387,175,390,188,390,196,391,200,394,213,393,213,391,217,389,233,389,235,387
301,393,301,402,305,404,323,404,332,402,332,392,304,391
351,393,348,390,335,390,328,392,304,391,301,393,301,402,305,404,330,403,336,405,350,405,351,402
390,390,388,389,361,390,358,392,358,400,359,401,363,402,388,400,390,399
357,400,357,408,360,410,385,410,389,407,389,399,388,398,360,398
300,402,300,410,304,412,326,412,328,410,328,401,324,400,302,400
301,410,301,419,303,420,324,420,328,418,328,410,326,409,305,408,302,409
170,426,170,435,171,437,191,437,193,435,193,426,191,425,171,425
263,442,260,439,260,433,258,429,251,428,250,425,243,423,191,423,188,425,187,432,170,432,168,434,168,453,172,455,184,458,232,456,260,457,263,455
263,441,260,438,260,432,258,428,251,427,250,425,243,422,170,422,168,424,168,453,169,455,178,457,260,457,263,455
260,434,258,430,250,429,249,426,243,424,191,424,188,425,188,433,170,433,169,435,169,445,170,446,173,446,175,448,257,448,260,447
168,522,168,530,171,533,199,532,199,521,196,520,171,520
195,521,195,532,198,534,233,534,236,531,235,521,231,520,198,520
454,552,450,552,449,546,447,541,444,540,430,541,429,540,406,540,405,543,390,543,382,545,375,550,373,553,365,556,364,560,360,560,359,566,353,567,353,571,350,579,349,585,350,609,351,610,354,610,355,613,363,613,364,616,383,616,384,629,396,629,398,625,403,625,403,616,404,615,405,611,414,611,418,609,423,609,423,605,430,605,430,603,431,602,432,600,445,600,448,593,451,593,454,590
