260,158,260,167,262,170,275,171,310,170,310,169,312,167,311,158,303,155,266,155,262,156
310,167,310,178,315,178,327,182,358,182,363,180,366,175,365,164,362,161,355,158,325,158,321,160,314,166
244,166,244,176,247,179,250,180,285,180,296,181,317,180,326,183,347,184,360,183,363,182,368,176,368,165,365,161,360,158,349,157,325,158,320,159,315,164,313,158,308,155,294,154,265,154,260,156,259,163,247,164
245,167,245,175,248,178,250,178,286,178,297,180,312,180,317,178,317,167,314,167,310,165,275,165,270,164,253,164,248,165
528,202,521,199,463,200,459,203,459,211,463,213,483,213,486,214,488,216,500,216,503,214,510,213,525,212,528,210
477,215,477,221,480,224,509,223,513,221,513,215,508,213,500,211,483,212,479,213
138,230,132,235,131,239,129,242,129,254,132,255,140,262,143,263,156,263,163,265,175,265,178,264,183,260,186,254,186,240,183,233,180,230,176,228,160,228,157,230,142,229
520,239,520,248,523,250,556,250,561,248,564,245,564,240,562,238,559,236,525,236
323,341,323,350,326,351,330,352,388,353,394,351,394,342,390,340,327,339
287,350,287,357,289,359,292,360,329,360,335,358,335,351,328,348,300,346,290,348
