306,10,301,7,295,6,276,6,261,8,253,16,253,30,257,36,261,38,275,39,277,38,286,38,288,36,292,36,300,33,306,29,310,21,310,15
451,25,452,43,460,47,466,48,504,48,505,47,520,47,531,43,535,39,535,23,531,18,525,16,495,16,490,15,466,15,462,15,458,18
113,51,112,61,115,68,122,68,125,70,143,69,150,66,155,62,155,51,148,46,122,45,118,46
613,60,613,70,615,72,625,74,639,73,639,56,624,55,616,57
210,58,205,56,188,57,182,61,180,65,180,73,186,80,208,80,215,71,215,63
107,69,108,80,113,84,117,85,127,85,130,87,136,88,154,88,157,86,161,82,161,72,158,68,152,66,136,66,135,64,130,63,115,63,112,65
178,82,178,93,180,95,183,97,190,98,209,98,216,93,218,90,217,80,213,76,210,76,209,75,186,75,180,80
390,101,386,103,385,108,383,110,383,156,390,167,402,167,405,166,405,163,410,158,411,152,410,110,407,104,405,102
610,137,610,147,614,151,624,153,639,153,639,133,620,133,614,135
77,174,77,189,85,198,95,202,124,202,135,200,143,200,153,196,158,190,159,173,157,170,151,163,143,160,114,160,97,161,87,165
101,221,98,228,98,239,100,243,105,245,113,247,138,247,143,246,147,242,148,226,145,222,140,220,126,216,111,216,109,218,105,219
628,341,623,343,619,348,618,360,621,365,632,372,639,372,639,341
163,408,161,413,161,423,165,425,197,425,205,423,209,419,209,409,206,405,204,402,201,401,176,401,175,403,167,403
266,456,265,468,268,473,279,475,305,475,314,471,314,460,313,458,307,454,298,453,295,452,275,452,270,453
