277,63,277,77,279,81,288,86,301,89,303,90,309,90,314,91,356,91,362,90,383,90,400,86,419,86,425,85,427,81,427,66,425,63,419,60,410,58,409,55,402,51,383,48,350,48,343,48,341,50,314,50,310,51,290,52,283,54,280,56
319,140,315,138,298,138,282,140,269,146,264,150,261,158,261,168,263,172,265,173,266,188,280,188,281,190,285,190,285,191,288,191,290,192,300,192,304,188,313,183,317,179,318,176,323,175,325,171,324,146,321,141
322,140,315,137,288,138,280,139,267,145,262,149,259,159,248,160,245,161,235,168,233,173,234,190,238,193,242,197,250,198,250,199,254,199,257,201,261,203,277,203,286,200,294,193,301,193,305,188,311,184,313,184,318,180,319,177,324,176,325,174,325,145
245,165,240,168,235,175,236,189,240,191,245,196,252,196,253,198,256,198,260,200,264,201,275,201,285,198,291,192,291,185,287,185,286,181,275,181,275,166,271,165,270,162,269,161,260,161,250,162
246,236,245,253,255,258,278,258,284,260,300,259,307,258,313,251,312,238,307,234,304,233,262,231,253,232
221,240,216,244,214,248,214,256,215,260,220,263,224,264,245,263,250,258,251,253,251,245,241,240
233,265,233,275,235,276,236,288,262,289,299,288,306,285,312,277,311,265,306,261,300,260,246,260,240,261,237,263
212,273,212,286,214,288,220,291,240,291,245,289,294,290,300,289,305,286,312,280,313,267,312,265,307,261,300,260,246,260,239,261,237,263,234,265,223,265,217,266
638,241,620,241,619,243,607,243,606,245,600,245,593,249,582,258,582,267,580,268,575,272,575,275,570,276,565,281,565,286,562,286,561,288,555,291,551,298,549,300,546,300,545,302,543,302,543,321,545,323,546,327,563,327,564,330,571,330,572,332,577,332,578,340,580,340,580,342,597,342,603,338,605,332,617,332,619,331,620,325,622,325,622,329,639,329
223,295,224,307,228,311,232,313,286,313,291,311,295,309,296,305,296,295,293,291,289,290,236,288,226,291
234,316,235,326,238,329,242,330,260,331,264,333,275,333,276,331,295,327,295,321,287,318,279,311,272,310,245,310,238,311
305,331,301,329,280,330,275,328,263,328,262,330,224,330,213,333,211,338,211,347,214,351,216,352,226,353,260,353,262,352,269,351,270,350,279,350,299,348,305,346
504,433,501,431,500,431,497,429,489,426,453,426,436,431,434,431,431,434,426,434,425,436,420,438,416,440,415,443,410,445,410,446,408,446,405,451,400,452,398,456,396,456,395,479,500,479,502,477,505,461,505,438
