96,163,96,182,98,188,100,189,100,191,104,194,104,196,110,200,127,200,129,199,135,199,136,197,143,197,144,194,147,193,148,192,149,193,171,193,178,184,179,178,213,177,227,179,251,179,255,178,260,173,260,155,257,152,248,149,230,149,218,147,217,146,210,146,190,146,185,147,170,147,164,149,129,149,125,146,106,146,101,152,101,154
95,163,96,186,97,188,99,189,100,191,103,194,103,196,109,200,128,200,132,202,142,204,160,204,169,203,173,200,173,190,178,184,179,178,217,178,226,179,251,179,255,178,260,173,260,155,257,152,248,148,230,148,218,147,217,146,210,145,189,145,185,146,170,146,163,149,129,149,125,145,105,145,100,151,100,153
332,160,332,172,338,176,343,177,376,177,388,176,392,173,391,160,380,155,362,155,356,153,341,153,338,155
521,163,516,167,513,173,513,184,522,193,526,194,543,194,547,193,555,190,560,187,560,184,560,171,557,166,551,162,546,161,527,161
108,147,103,153,103,155,98,165,99,184,100,187,101,187,102,190,105,193,105,195,111,199,125,199,127,198,134,198,135,196,141,196,142,193,145,192,146,190,150,190,150,192,170,192,176,183,176,167,174,167,174,152,160,150,141,150,138,151,127,150,123,147
504,169,500,166,495,165,447,165,442,166,435,170,434,179,435,182,441,187,450,189,492,186,498,185,503,182
175,179,175,198,178,200,184,202,195,202,205,200,212,200,213,193,236,194,240,192,242,189,241,180,238,177,234,176,216,176,209,174,181,175
613,305,611,308,611,315,614,318,621,321,639,320,639,301,625,301,618,303
47,352,47,359,49,361,53,362,76,362,83,361,86,359,86,352,85,351,80,349,58,349,50,350
476,362,476,371,482,373,519,374,525,369,524,362,521,360,515,359,484,359
306,368,304,366,299,365,263,365,257,368,257,376,264,378,300,378,306,375
