278,17,277,14,271,9,262,9,247,12,218,14,206,11,191,11,186,13,181,17,181,33,185,38,191,40,208,40,213,38,222,40,242,40,248,41,264,41,270,40,278,32
345,46,345,56,347,57,363,58,371,57,373,55,373,46,370,45,349,45
315,48,315,58,320,60,346,59,350,56,350,46,324,45
303,49,303,56,304,60,316,61,320,58,320,48,306,47
320,48,284,48,281,50,281,60,283,62,306,60,316,61,320,58
261,51,261,61,262,63,278,63,283,62,285,60,285,50,264,50
213,71,213,62,210,59,210,53,205,51,146,53,141,57,142,70,144,70,149,73,167,74,175,76,182,76,191,75,209,75,211,74
377,53,374,50,374,45,371,44,318,45,315,47,314,55,290,55,288,56,288,68,304,69,316,68,320,66,335,67,352,65,373,65,377,64
120,60,120,68,123,71,144,71,145,70,147,69,147,58,125,57,121,58
341,74,341,84,346,86,347,88,353,88,362,85,385,85,387,82,387,74,383,70,346,70
367,83,363,80,348,80,347,71,340,67,315,69,288,68,283,70,257,71,253,75,253,85,246,85,243,87,243,100,246,102,265,103,270,100,292,100,296,102,331,102,335,100,364,97,367,95
260,77,254,75,234,76,193,76,191,77,188,82,188,92,191,95,195,96,216,95,217,94,227,93,256,93,260,88
121,85,121,95,124,101,134,101,138,100,163,99,165,97,170,97,174,95,174,82,168,80,133,79,125,80
169,83,170,95,173,97,174,99,190,98,193,92,193,83,191,81,173,80
391,90,391,101,396,105,415,106,418,105,420,101,420,89,416,85,398,85,393,88
250,90,249,90,248,87,235,87,234,89,223,90,191,89,188,90,175,91,173,93,132,93,124,95,124,104,126,107,129,107,132,110,149,110,158,106,188,105,216,105,224,104,233,104,237,102,246,102,250,100
120,85,120,96,121,100,123,101,124,105,125,107,128,107,131,110,149,110,158,106,188,105,216,105,224,104,233,104,237,102,246,102,250,100,250,89,249,89,248,86,235,86,233,88,223,89,190,88,188,90,175,90,175,81,171,80,132,78,124,80
120,85,120,97,121,100,123,102,124,106,125,108,128,108,131,110,150,110,159,107,189,105,216,106,225,105,233,105,238,103,247,103,251,100,251,89,250,89,248,86,235,86,233,88,223,89,195,88,195,81,190,79,170,80,132,78,124,80
115,99,111,95,107,93,82,93,80,95,78,94,50,95,46,95,45,99,45,115,48,118,110,118,111,115,113,115,115,111
126,217,124,214,123,208,119,203,119,200,116,199,116,193,115,191,110,190,108,187,77,189,74,190,68,190,66,194,61,195,60,225,63,229,55,230,53,231,53,247,54,249,69,249,75,254,79,254,80,258,83,259,83,265,86,266,105,266,106,265,120,264,123,262,124,260,123,237,126,236
228,225,200,223,170,225,166,228,166,238,168,240,186,241,210,240,216,238,222,238,228,235
126,217,124,214,123,208,119,203,119,200,116,199,116,193,115,191,110,190,108,187,77,189,74,190,68,190,66,194,61,195,60,225,63,229,55,230,53,231,53,247,54,249,69,249,75,254,86,253,86,258,88,259,88,266,105,266,106,265,120,264,123,262,124,260,123,237,126,236
288,343,288,357,291,360,300,365,325,364,328,362,336,361,338,360,350,360,352,360,353,357,357,357,357,330,307,328,301,331,296,331,291,334,290,336
209,341,209,345,208,347,207,364,209,367,211,369,232,370,246,368,252,364,252,353,250,350,250,343,248,339,244,338,242,336,215,336,211,338
154,345,154,355,155,355,155,362,156,365,161,370,194,370,201,368,205,361,205,343,202,340,198,338,160,338
