139,120,139,125,140,127,145,128,172,129,179,127,179,120,172,117,145,116,142,117
294,135,294,146,299,151,304,152,355,153,365,151,373,147,373,134,370,133,369,131,355,129,353,127,337,126,305,127,297,130
56,142,56,148,58,151,62,153,120,152,127,150,130,148,129,141,125,138,118,137,69,136,61,137
409,154,404,152,386,152,380,153,353,154,347,156,347,164,352,165,404,165,409,162
298,157,299,164,300,165,305,165,348,165,354,164,354,156,347,154,307,154,301,154
0,158,0,175,60,175,65,174,67,171,66,161,65,159,60,158
231,234,231,247,235,257,240,259,254,260,260,261,266,261,273,264,322,264,337,262,351,262,361,263,401,262,410,258,410,257,414,255,415,250,415,236,410,231,400,226,380,225,377,224,280,223,274,222,246,222,243,223,238,226,235,229,232,231
33,239,32,246,36,250,40,251,63,251,68,247,68,240,62,236,55,235,42,235,36,236
32,253,32,260,35,262,40,264,60,264,65,262,68,260,68,252,66,251,60,249,40,249,35,251
1,253,1,260,8,263,25,263,31,262,33,261,33,254,27,250,23,249,6,250
