443,102,435,99,426,98,291,98,285,100,279,100,272,102,260,101,250,99,237,98,201,98,195,100,142,99,133,100,127,102,120,108,117,114,117,135,119,140,128,148,150,150,414,150,430,147,435,145,438,142,441,141,441,124,443,123
423,107,423,119,425,120,425,121,422,122,422,136,425,136,435,141,451,143,508,143,525,141,530,137,535,132,534,112,532,109,527,105,520,103,456,102,441,103,430,106
543,108,540,103,535,99,525,96,319,96,290,97,284,98,277,98,272,100,261,100,252,98,239,97,140,98,131,99,125,101,122,103,117,108,115,113,115,136,117,141,126,149,149,151,415,151,430,148,443,150,516,150,534,147,539,143,543,138
410,147,410,153,414,156,475,157,480,155,480,145,475,144,415,144,411,145
474,146,475,155,479,156,518,156,525,155,525,147,521,145,485,144
410,148,410,153,415,156,437,156,440,155,440,146,431,145,416,145,412,146
171,194,172,206,185,208,217,207,220,208,238,208,246,209,298,208,305,205,306,203,306,193,305,190,295,186,285,186,274,185,236,185,219,186,217,187,215,186,182,186,173,190,173,193
264,206,264,213,265,215,269,216,291,216,300,215,303,213,303,206,296,203,272,203,267,203
294,220,290,216,283,213,278,213,265,213,245,216,204,217,191,228,191,237,195,241,196,249,235,250,265,248,267,249,268,251,280,251,290,243,294,238
204,228,195,228,192,230,184,230,168,235,156,235,146,236,141,239,140,241,140,252,141,256,145,258,150,260,176,261,178,258,195,256,200,254,206,248,206,240,204,236
515,238,515,249,520,250,538,251,544,250,547,249,549,247,549,240,545,237,524,236
549,239,542,236,523,236,519,237,490,236,488,237,486,239,486,248,487,250,491,251,506,251,517,250,527,251,544,250,547,249,549,247
548,253,546,250,540,248,491,249,488,250,486,253,486,260,492,265,543,265,548,260
141,263,141,278,143,281,151,288,156,288,160,290,164,290,165,291,187,291,205,295,218,296,222,298,225,301,233,304,254,307,257,308,262,308,265,310,291,310,297,307,300,304,300,286,292,280,285,276,266,275,260,273,240,271,237,269,235,266,227,261,205,260,203,258,185,256,179,253,165,253,163,255,151,255,143,261
553,265,552,263,544,260,492,260,490,261,484,261,480,264,480,274,483,276,490,276,545,277,550,276,553,273
500,278,500,286,502,288,505,290,527,290,530,290,534,287,534,279,530,275,509,275,503,276
192,288,189,285,183,283,147,284,141,286,140,288,140,300,144,303,150,304,185,303,188,303,192,299
480,290,480,301,485,303,489,303,490,305,499,305,504,304,520,304,523,303,527,303,528,301,535,301,534,288,525,288,524,287,485,288
139,310,139,320,142,323,147,324,194,324,200,322,202,320,202,309,200,306,195,305,170,305,165,306,159,305,148,305,143,306
480,317,480,326,484,328,485,331,512,330,514,331,515,336,526,336,526,333,529,333,529,331,531,331,532,329,535,329,536,331,549,331,550,327,551,326,551,318,550,316,545,315,545,313,543,312,543,311,534,311,532,313,517,314,516,312,503,312,502,311,492,311,491,312,484,314
170,326,170,334,172,338,184,341,196,341,205,340,272,341,283,338,283,328,271,325,175,325
555,340,553,337,548,337,547,334,544,334,543,333,533,333,532,334,514,333,513,335,507,335,484,335,476,341,476,349,477,351,482,354,500,358,535,358,542,355,550,355,555,352
475,341,475,349,479,353,483,355,499,358,535,358,542,355,550,355,555,352,555,339,553,337,552,333,544,333,543,332,532,332,531,333,517,333,516,328,515,328,515,324,495,324,485,325,485,328,482,329,482,336
0,389,0,403,25,405,29,404,35,401,35,393,34,391,30,390
