543,146,543,154,545,155,551,157,562,157,566,156,567,146,565,144,549,143
560,145,559,150,559,156,565,158,583,158,594,160,610,160,615,157,615,156,615,150,610,146,594,146,581,144,566,144
535,162,535,175,536,178,542,181,550,182,553,186,555,186,556,187,560,187,567,190,611,190,615,189,618,186,620,180,620,172,618,167,614,163,607,161,582,161,576,160,563,160,561,159,558,157,541,157
539,189,537,192,537,201,539,207,544,211,550,211,557,216,573,219,590,220,611,218,615,216,616,210,616,195,613,191,593,188,566,189,560,187,545,187
405,199,400,202,400,211,402,214,404,220,408,222,423,222,431,220,438,214,436,201,434,201,430,199,421,198
538,219,537,236,540,238,546,240,550,240,557,243,581,245,614,246,617,244,620,235,620,226,618,221,614,219,566,217,563,216,544,215,541,216
549,249,549,257,551,260,556,262,568,262,575,261,588,261,593,260,595,257,595,248,592,245,555,245
370,277,364,274,345,275,340,277,340,286,342,288,345,289,366,288,370,285
190,279,190,286,192,289,197,291,202,293,220,293,225,291,236,292,243,290,247,287,247,279,245,276,238,274,200,274,193,276
127,284,126,294,132,297,159,297,164,294,165,292,165,285,162,282,157,280,135,280
275,305,270,308,270,316,277,320,290,320,293,318,296,314,295,306,293,305,288,304,280,304
110,358,103,356,95,356,79,360,76,365,76,372,80,373,81,379,105,379,110,376,112,373,112,361
330,365,330,371,332,372,332,374,346,374,348,381,363,381,364,380,370,380,376,378,379,374,379,363,376,361,369,358,352,358,345,360,339,361,338,363
70,383,70,390,73,393,78,394,86,395,105,395,109,394,110,393,110,383,105,380,101,379,99,377,86,377,83,378,82,379,77,379
326,390,325,399,327,401,332,403,371,404,377,400,379,398,379,391,377,389,372,386,364,385,361,383,356,383,355,380,347,380,346,383,336,383,336,384,333,386,331,386
70,396,69,404,72,408,76,409,100,409,105,407,107,405,107,398,105,395,100,394,74,394
328,407,328,414,334,419,337,420,366,420,374,419,379,415,379,406,374,403,370,401,336,402,330,403
66,411,66,417,68,419,73,421,83,423,99,422,104,419,104,411,102,409,96,408,71,407,68,409
330,424,330,426,380,426,379,421,372,419,369,419,368,418,351,418,345,419,336,419,332,421
