580,158,580,166,585,168,595,170,609,169,612,168,615,165,615,158,611,156,601,155,585,155
178,180,175,186,175,194,176,195,177,198,186,201,215,201,222,196,224,194,223,183,216,178,195,178,184,178
381,181,379,186,379,195,384,200,398,200,410,198,412,196,414,193,414,185,408,179,385,178
472,186,472,194,475,196,478,198,495,197,500,195,502,193,502,186,499,183,480,183,476,183
130,191,130,206,136,210,141,212,172,212,178,210,183,205,185,199,185,191,182,191,182,187,177,187,175,186,166,185,147,185,135,186
322,191,319,189,311,187,280,188,274,193,274,212,275,212,276,213,294,215,305,215,315,213,321,209,324,205,324,195
334,195,333,205,335,210,341,213,369,213,376,210,380,206,380,196,377,192,372,190,346,189,340,190
231,198,231,211,235,215,240,218,266,218,272,216,275,214,279,214,282,212,281,193,265,191,247,191,235,193
424,198,424,210,433,217,439,217,442,218,460,217,466,215,470,211,470,202,468,197,464,194,436,193,426,196
414,270,413,280,416,285,420,287,451,288,457,286,461,283,462,273,459,268,455,266,425,265,418,267
180,272,177,278,177,286,180,292,184,295,194,297,218,296,225,293,228,291,229,278,225,273,222,271,210,269,187,269
273,301,272,315,277,320,288,321,299,321,309,320,310,318,314,318,319,315,319,302,314,298,295,296,285,296,277,298
