31,318,31,342,52,345,56,348,66,348,67,346,83,347,86,345,94,345,100,341,105,333,105,322,104,320,100,320,100,313,95,310,92,310,89,308,77,308,70,310,66,307,48,307,46,310,33,310,33,317
37,312,33,310,24,310,23,311,0,313,0,347,4,349,20,349,30,345,31,344,33,344,35,341,37,341,37,325,35,325,37,324
37,312,33,310,24,310,23,311,0,313,0,347,4,349,20,349,30,345,31,344,33,344,35,341,37,341
77,355,75,350,68,349,46,351,27,351,26,353,25,356,25,365,30,369,72,368,75,366,77,363
75,355,75,364,76,366,80,368,122,368,126,364,126,353,124,350,80,350,77,350
0,351,0,369,22,369,26,365,26,355,23,353,19,351
65,381,65,392,71,399,78,400,79,401,102,402,106,397,105,380,98,379,96,377,73,377,67,381
101,380,101,390,102,390,102,398,108,398,113,400,129,399,133,397,136,394,136,382,131,378,110,377,106,380
70,381,62,377,30,379,0,378,0,402,22,402,29,401,31,400,39,400,40,402,61,401,65,400,70,395
75,398,75,412,80,415,82,415,85,418,91,418,92,416,105,415,108,413,110,410,110,400,108,398,106,398,102,395,79,395
108,401,108,410,112,415,137,415,140,413,140,411,140,403,138,399,136,397,113,395,109,398
36,402,36,410,38,416,75,417,76,414,80,412,80,403,78,402,78,398,76,395,58,396,55,395,40,395
0,400,0,418,6,418,8,414,8,404,6,400
0,410,0,436,55,436,83,434,101,434,107,433,111,429,111,416,109,413,106,411,93,411,93,410,77,411,76,410,49,410,45,408,35,408,33,410
115,416,115,427,117,430,127,430,133,426,133,416,132,415,125,412,119,412,117,413
126,440,124,437,121,436,120,435,115,434,85,435,18,435,15,435,12,438,12,451,15,455,37,456,62,455,121,455,125,452,126,450
0,437,0,455,12,455,15,450,15,442,13,439,9,437
13,467,13,481,17,489,21,491,35,491,36,490,38,487,42,487,42,491,48,491,50,490,50,485,55,485,55,483,60,485,68,485,69,478,68,467,67,465,63,463,19,463
13,467,13,481,17,489,21,491,35,491,36,490,38,487,42,487,42,491,48,491,50,490,50,485,52,485,53,487,55,488,55,491,64,491,67,490,68,487,69,469,67,465,63,463,19,463
