115,0,115,3,113,5,113,23,113,25,118,25,118,30,120,31,120,33,113,34,111,48,111,70,113,73,120,79,126,80,136,80,138,79,153,77,157,75,161,70,163,64,164,45,163,31,161,27,158,10,156,9,156,0
230,46,229,44,226,42,180,45,176,46,174,49,173,60,175,62,189,62,199,60,230,58
326,54,326,69,328,75,335,84,336,84,339,86,349,86,352,84,358,84,359,85,362,86,375,86,376,85,380,85,380,75,383,75,384,72,387,72,387,60,385,60,385,54,383,52,383,45,379,45,369,38,351,38,338,40,331,45
376,46,376,57,378,58,378,66,379,68,409,69,415,65,416,62,416,51,415,48,412,45,385,45
236,55,231,50,230,45,226,42,186,44,176,46,173,50,173,61,176,64,176,70,177,71,192,71,209,69,229,69,235,66
377,61,375,73,373,75,373,84,374,85,375,93,377,96,380,98,402,99,410,97,415,94,416,90,416,84,417,81,417,69,412,61
325,52,326,75,331,83,337,87,338,104,343,109,358,113,369,113,370,110,373,110,375,106,378,100,404,101,412,100,416,97,417,95,418,86,419,84,419,66,414,59,387,59,386,56,386,52,384,50,384,44,380,43,373,37,340,37,333,40,327,47
6,83,6,94,18,101,31,101,35,103,58,103,60,100,60,82,58,80,56,79,17,78,10,79
340,75,340,80,339,85,339,97,340,100,345,105,360,110,366,110,368,107,370,106,374,100,376,95,376,84,373,78,359,77,358,75
321,115,321,128,324,131,333,132,356,130,360,127,361,120,362,117,362,109,325,108
336,223,336,234,340,238,340,240,343,244,368,245,371,241,371,230,369,225,366,221,341,220,338,221
171,270,172,283,179,285,180,289,183,291,215,290,221,286,221,274,220,270,215,267,200,268,194,265,178,265,173,267
339,282,339,295,341,296,398,296,400,295,401,292,401,284,399,280,387,280,382,275,363,275,357,279,342,280
92,350,92,361,94,364,98,365,144,364,146,360,146,351,145,349,141,347,123,346,120,345,97,345,95,346
258,380,256,375,253,373,246,371,240,371,235,373,200,372,197,375,195,375,195,394,198,396,205,397,210,400,229,400,233,398,237,395,252,395,256,393,258,390
183,376,181,372,180,372,178,370,164,365,161,363,134,362,133,368,128,368,128,366,95,366,88,365,76,365,62,373,61,375,57,380,56,404,59,406,60,409,66,412,135,414,147,411,157,413,169,413,171,411,175,410,181,400,183,394
225,419,225,427,228,431,246,431,250,430,253,427,253,420,252,417,250,415,229,415
211,451,211,460,215,465,223,466,243,465,247,463,247,454,245,451,236,450,233,446,217,445,213,447
347,464,347,477,345,478,345,497,346,498,346,510,348,512,348,520,350,524,361,524,369,527,377,527,381,529,394,529,396,530,413,530,416,530,420,526,438,527,444,525,450,519,452,515,455,512,455,490,451,483,451,464,449,458,446,455,425,455,420,459,412,459,396,455,370,454,364,456,355,456,349,460
146,498,145,496,136,495,133,490,108,491,101,496,99,499,99,500,95,505,88,505,85,506,81,510,81,521,83,524,93,528,94,531,96,534,104,534,105,532,138,531,141,530,143,523,143,516,146,511
345,529,342,535,341,551,341,576,342,591,346,601,356,601,358,600,359,596,362,589,363,574,365,567,365,550,363,547,363,540,359,530,356,529
395,545,390,552,388,552,385,555,383,560,381,576,381,596,386,612,393,624,398,626,408,626,415,615,416,605,417,603,419,590,419,570,415,551,411,546,408,545
