321,182,316,180,287,180,272,183,258,183,255,185,255,191,253,195,253,202,247,203,243,206,243,213,240,220,240,236,239,238,238,294,241,297,241,310,245,317,250,319,315,319,321,316,325,310,325,284,323,281,323,251,322,247,323,220,324,217,324,194
317,189,312,186,291,186,276,189,261,190,260,190,259,197,257,201,257,208,251,209,248,212,248,227,292,227,305,226,312,223,313,219,316,217,320,211,320,200,318,195
318,187,313,185,290,185,275,187,261,187,258,189,258,195,256,200,256,206,250,207,246,210,246,217,243,224,243,242,245,245,248,250,254,250,255,251,269,251,295,249,303,250,313,250,318,245,319,240,319,224,317,220,317,218,320,212,320,198,318,193
318,257,318,254,313,246,304,246,299,249,250,250,244,257,243,271,244,275,247,280,268,280,282,279,301,279,306,282,315,282,318,273
242,276,242,288,245,291,245,305,246,308,250,312,310,313,316,310,320,304,320,289,318,283,315,279,315,272,310,271,309,270,246,270,246,272
271,415,271,430,275,435,278,437,288,437,292,435,308,435,309,446,311,446,311,448,324,448,330,450,333,452,333,457,343,457,345,452,347,450,351,450,352,449,369,448,375,445,376,441,377,414,375,410,370,408,296,409,290,407,277,407,273,410
271,415,271,430,272,433,276,436,276,445,280,450,303,450,307,449,323,448,331,450,333,452,333,457,343,457,345,453,347,450,351,450,352,449,369,448,375,445,376,441,377,413,375,409,370,407,296,408,290,406,276,406,273,409
277,444,277,455,279,458,279,469,283,472,283,475,322,473,326,469,326,462,338,460,344,450,344,440,331,438,281,440,281,441
275,441,275,458,277,461,277,472,280,475,280,485,283,489,283,497,287,502,287,510,289,512,290,525,290,526,292,526,295,529,295,533,306,533,308,531,315,531,317,530,340,530,346,528,346,515,348,512,348,494,346,490,360,489,363,484,363,467,361,464,356,462,345,462,343,460,346,454,346,438,334,435,305,435,297,437,280,437,279,439
270,405,268,410,268,435,269,438,273,440,273,461,275,465,275,475,277,479,277,488,280,492,280,500,285,505,285,514,286,515,287,528,288,530,290,530,292,532,292,536,309,536,310,535,317,535,320,533,364,532,368,530,384,530,387,526,388,501,386,499,383,497,351,496,351,493,363,492,365,487,365,464,363,460,348,458,351,455,355,455,356,454,373,453,378,450,380,446,381,409,378,405,374,403,300,404,294,402,273,402
361,470,359,466,342,464,283,465,281,470,281,482,285,486,285,495,290,501,337,501,344,497,345,487,358,486,361,481
276,442,276,456,278,460,278,470,280,474,280,483,283,487,283,495,288,502,338,502,345,498,345,488,359,487,361,482,361,468,360,465,355,463,343,463,340,461,345,452,345,439,333,436,305,436,298,438,280,438,280,440
338,480,338,495,366,500,367,498,374,498,378,496,380,493,380,481,376,478,350,477,340,479
282,470,282,481,285,485,285,494,290,500,336,500,343,496,343,480,324,479,323,475,323,465,283,466
345,497,345,495,338,492,290,493,290,506,293,509,293,511,340,512,344,510,345,508
338,507,338,524,358,525,363,523,378,522,382,517,382,508,381,505,377,504,345,504,341,505
291,507,292,520,293,522,295,522,297,525,297,529,311,527,316,525,336,525,343,524,343,506,340,505,293,505
269,404,267,410,267,435,268,438,272,440,272,461,274,465,274,475,276,479,276,488,280,492,280,500,284,505,284,514,286,515,286,528,287,530,289,530,291,532,291,536,309,536,310,535,317,535,320,533,364,532,368,530,384,530,387,526,388,500,386,497,386,474,382,470,366,470,365,463,363,460,350,457,351,455,355,455,356,454,373,453,380,448,381,435,381,408,378,404,374,402,300,403,294,401,273,401
325,521,325,534,328,537,350,539,360,538,363,535,366,535,366,525,362,523,358,518,338,517,326,519
325,521,325,534,328,537,330,538,340,538,341,545,345,550,363,550,370,544,370,534,368,531,368,525,365,525,358,518,338,517,326,519
