204,55,204,68,236,69,240,69,240,67,245,66,245,59,240,51,238,49,209,49,205,51
305,63,303,56,300,53,297,50,293,50,290,48,275,48,274,50,266,52,262,54,259,54,256,55,248,55,247,53,236,53,236,54,234,57,231,58,215,58,213,57,213,55,201,55,200,57,197,57,193,59,190,63,188,69,187,74,187,92,188,98,191,101,194,102,197,104,199,104,201,105,204,105,206,107,234,107,240,105,271,106,291,104,295,102,297,99,298,96,301,93,304,87
250,109,250,119,253,122,285,123,287,122,290,118,290,107,286,104,271,104,267,103,256,103,252,105
142,314,142,319,141,320,141,328,142,330,142,335,150,337,159,337,161,339,172,339,176,337,178,334,179,331,179,322,178,316,174,311,166,309,148,308,145,309
39,318,39,327,40,329,45,332,74,332,77,331,79,328,79,319,75,316,47,315,42,315
143,320,140,316,136,313,127,313,116,317,112,320,109,326,109,339,112,343,113,344,123,344,129,342,129,341,133,341,134,339,137,339,143,330
179,321,176,326,175,331,174,332,174,346,177,359,180,360,181,362,182,368,184,371,184,372,188,377,192,386,194,388,200,389,208,389,211,389,214,387,216,384,217,378,218,360,214,345,211,340,211,337,208,333,208,331,207,331,202,324,199,324,197,320,192,319,184,319
18,348,16,345,13,343,7,343,5,345,1,345,1,346,0,346,0,373,6,374,9,373,11,371,17,369,19,367,20,363,20,354
0,402,0,420,1,420,2,422,4,422,7,424,16,426,23,426,24,425,26,423,26,416,24,413,19,408,14,406,9,401
29,433,29,449,32,454,37,455,40,458,51,462,54,462,60,464,63,469,69,473,77,474,87,479,98,479,98,477,99,475,99,470,101,468,101,464,112,463,113,462,115,462,116,460,118,457,118,441,117,438,116,438,115,436,112,434,108,434,106,433,104,433,99,430,93,428,92,427,90,426,88,423,85,423,75,419,60,419,59,421,58,425,57,436,52,434,47,433,41,430,30,430
30,435,30,447,34,453,38,454,41,457,61,462,64,468,71,472,78,473,91,478,97,478,97,475,98,474,98,460,95,460,94,458,93,458,93,457,88,456,85,453,83,453,83,452,79,451,77,449,75,449,75,448,71,448,69,445,68,445,68,443,66,442,66,440,64,440,63,438,56,438,51,436,47,435,41,432,32,432
165,451,164,475,165,481,167,483,177,486,188,486,194,486,199,483,201,477,202,468,202,453,201,451,198,446,190,442,181,442,177,444,170,444
92,470,92,477,95,483,98,486,102,486,103,488,105,488,109,491,116,493,117,495,123,496,126,499,142,499,141,488,136,485,132,480,128,479,126,477,123,476,121,474,100,466,93,466,93,468
