183,136,183,142,185,144,190,146,222,146,227,143,227,135,223,132,221,132,191,132,187,133
222,135,222,143,227,146,231,146,244,146,250,146,255,143,256,136,250,133,231,132,227,133,223,135
250,136,250,143,253,146,258,147,300,147,305,146,309,143,309,136,305,133,301,132,259,132,255,133,251,136
186,152,186,159,190,162,193,163,228,163,235,159,235,152,233,149,229,148,193,148,189,150
229,152,229,159,233,163,235,163,255,164,296,163,300,162,303,159,303,151,300,149,296,148,237,148,233,149
184,168,184,173,188,176,190,176,218,175,220,174,222,173,222,166,217,164,191,165,187,166
220,168,220,173,223,175,226,176,257,176,263,173,263,168,259,166,256,165,225,165,221,166
257,168,257,173,260,175,266,176,296,176,302,176,305,174,305,167,302,166,265,165
218,180,218,186,223,188,227,188,229,189,268,189,272,187,273,186,273,180,269,178,224,177,220,178
98,203,98,210,100,211,107,212,132,212,140,212,169,212,173,210,173,204,171,202,167,201,114,201,101,202
260,225,260,234,266,238,268,239,281,239,285,238,297,238,302,237,351,237,355,235,360,231,360,221,358,218,357,215,354,213,343,213,338,215,326,216,315,214,302,214,299,215,294,212,283,212,281,213,277,216,270,216,264,219,263,222
363,239,359,235,350,234,350,233,338,233,333,235,312,235,305,237,282,237,279,236,263,236,259,238,257,241,257,250,260,254,265,255,270,256,282,256,292,257,311,257,316,255,341,255,346,257,357,257,357,255,360,254,363,249
109,257,109,262,111,264,115,265,143,265,149,264,151,262,151,256,148,254,141,254,113,254
