42,0,42,2,39,8,39,23,36,27,35,41,33,49,33,83,31,84,31,99,35,105,37,106,45,108,47,110,70,110,74,106,76,103,79,94,80,78,81,76,81,70,83,69,83,63,85,54,87,18,90,12,90,0
385,23,377,26,371,33,370,38,371,58,370,81,370,130,372,135,380,140,402,140,409,137,414,133,417,125,416,100,419,96,419,66,415,58,416,31,414,27,407,23
566,53,562,57,560,63,560,83,558,87,558,110,560,123,560,151,550,152,529,150,484,151,476,153,473,155,468,164,468,186,469,190,474,195,478,195,480,196,483,198,493,200,545,200,556,200,559,198,565,199,566,218,564,232,565,273,566,276,568,318,571,323,576,327,603,327,605,325,607,321,608,305,610,301,609,230,607,227,604,200,605,126,604,119,602,116,601,93,597,75,597,63,590,53
247,113,241,120,240,140,237,148,237,171,238,176,240,176,241,178,255,179,257,178,260,175,263,168,265,144,264,120,260,113
116,136,110,142,108,146,108,170,110,174,115,182,115,185,119,188,130,196,136,203,140,203,153,213,153,215,167,220,202,221,205,219,210,219,212,218,219,218,220,216,226,216,230,211,230,208,234,203,234,189,233,186,228,185,227,181,225,179,225,170,223,167,220,165,220,163,218,162,218,160,216,159,214,159,213,157,209,155,200,151,197,151,190,148,177,148,174,145,173,140,170,139,167,135,163,132,162,130,157,128,129,128
213,139,212,143,210,145,210,163,208,164,205,164,205,171,208,173,210,178,242,178,243,176,245,176,245,143,243,142,240,142,232,138,218,138,217,139
561,68,560,83,558,87,558,110,560,123,560,151,550,152,529,150,484,151,476,153,473,155,468,164,468,186,469,190,474,195,478,195,480,196,483,198,493,200,545,200,556,200,559,198,565,199,566,218,564,232,565,273,566,276,568,318,571,323,576,327,603,327,605,325,607,321,608,305,610,301,609,230,607,227,604,200,605,126,604,119,602,116,601,93,595,68
4,155,3,156,0,157,0,251,21,251,22,250,34,250,35,251,37,259,40,261,40,263,44,265,50,269,55,270,60,274,93,275,95,273,95,269,98,268,98,259,100,258,101,239,106,238,107,233,107,211,105,211,105,208,103,206,97,186,92,181,84,178,58,178,55,167,51,161,47,158,38,155,31,154,7,154,6,155
45,183,44,201,42,201,40,208,40,216,39,216,37,230,35,231,35,242,37,246,40,249,41,256,44,258,45,261,48,262,54,266,59,268,64,271,90,272,92,271,92,266,95,266,95,256,97,256,98,236,103,236,104,231,104,215,102,214,102,211,100,209,94,190,89,185,80,181,57,181
241,190,237,191,230,197,230,217,232,221,233,246,231,268,233,273,237,276,252,276,256,273,258,266,258,245,260,232,261,201,260,195,257,191
105,207,104,209,97,209,95,211,95,214,93,216,92,223,90,224,90,233,87,234,86,253,84,254,84,263,85,264,85,272,88,272,97,275,115,275,119,274,123,274,127,269,130,242,130,221,129,215,125,211,115,207
417,269,417,276,421,279,442,279,447,276,447,268,444,266,425,265,420,266
432,296,428,293,421,291,368,293,364,296,364,308,366,312,369,313,427,312,427,311,432,306
380,318,380,330,384,331,439,331,444,330,446,326,446,320,444,318,438,316,430,316,426,315,422,315,420,313,405,313,401,314,400,315,386,316
520,348,520,359,525,361,533,362,546,362,553,361,577,361,582,358,583,356,583,348,580,346,575,345,535,345,524,346
443,371,431,368,402,369,398,371,396,374,396,381,398,383,398,386,400,388,426,390,438,388,444,384,445,374
0,375,0,391,4,393,24,393,28,388,30,388,35,384,35,376,31,373,5,372
