406,61,406,63,402,63,399,66,399,84,397,86,397,97,399,102,396,107,396,116,397,119,403,120,403,122,417,122,417,100,418,99,418,97,420,93,420,84,418,80,418,73,414,62
201,117,201,123,203,125,225,126,229,125,230,123,230,118,229,116,227,115,205,115
282,129,280,127,272,125,205,126,200,129,199,137,201,140,203,142,207,143,255,141,272,142,277,141,281,139
93,222,93,229,95,231,100,232,115,233,120,232,123,230,123,222,120,219,111,218,98,219
0,321,0,350,2,351,24,351,28,352,46,352,57,351,76,351,83,352,127,352,141,351,151,344,152,327,143,322,106,320,85,320,81,321,28,320,20,321
140,327,140,332,139,333,139,344,149,350,177,351,218,350,222,352,231,352,239,353,260,353,264,352,272,349,276,348,276,336,274,335,274,326,268,322,265,321,231,321,218,322,188,321,153,321,147,323
296,329,296,345,299,345,305,347,322,348,358,348,363,347,369,345,371,345,371,327,360,323,335,323,330,322,312,322,306,323
440,327,440,344,449,347,489,348,494,347,499,345,499,325,491,323,450,323,442,327
363,327,363,337,362,338,362,345,364,345,369,348,375,349,385,349,391,348,429,348,440,347,448,344,447,327,445,327,439,325,409,323,372,323
266,328,266,340,268,341,268,347,271,348,272,350,280,354,295,353,299,351,304,344,304,338,301,337,300,329,294,326,288,325,276,325
107,359,99,355,95,354,82,354,77,355,7,354,0,356,0,380,1,381,70,381,76,382,98,382,102,380,107,377
100,359,100,377,103,378,108,381,112,382,214,382,218,381,222,377,223,375,223,361,220,357,214,355,193,355,182,356,174,355,160,355,155,354,108,354
