59,196,60,214,65,220,80,221,84,220,87,221,95,221,102,220,105,217,119,217,122,215,124,215,125,220,133,220,135,200,135,182,134,176,130,171,125,170,114,170,110,166,97,166,89,170,78,173,76,176,64,185,60,191
135,179,130,171,125,170,114,170,110,166,97,166,89,170,78,173,70,181,65,184,61,189,59,196,60,214,65,220,80,221,82,220,87,221,95,221,102,220,105,217,119,217,122,215,127,215,129,214,129,204,135,203,135,200
134,210,134,220,137,224,171,225,173,227,190,227,192,225,192,215,188,211,174,212,167,210,145,207,137,207
191,215,191,225,193,229,203,230,205,232,213,234,241,234,246,230,245,216,240,212,194,212
324,231,322,228,320,227,304,228,303,229,301,231,301,240,304,243,308,244,323,243,324,242
320,231,320,243,323,245,342,247,356,245,356,234,352,230,324,230
352,235,352,245,354,248,375,249,375,235,372,234
371,236,371,250,375,253,398,253,423,255,423,240,410,240,406,237,400,237,396,235
320,230,320,244,322,246,342,248,352,247,355,250,371,250,375,254,398,254,423,256,423,240,409,239,407,237,400,237,396,235,376,235,372,233,356,233,352,230,323,229
196,321,197,332,212,333,221,328,221,320,217,318,199,317,197,319
196,318,195,340,197,344,204,345,213,345,219,343,219,330,221,328,220,319,213,316,198,316
250,343,250,354,253,356,287,356,290,355,293,352,293,343,290,340,254,340,252,340
191,349,189,345,188,345,177,345,175,343,173,342,165,342,157,347,150,349,147,352,137,353,135,360,135,372,136,375,151,375,152,377,171,376,173,375,176,370,187,367,191,360
353,350,353,361,354,363,401,364,405,361,405,350,401,347,357,347,354,348
348,447,349,457,353,460,375,459,378,456,379,455,379,445,375,443,353,443,350,445
