94,0,94,8,99,14,123,15,159,13,164,9,164,0
157,0,157,9,165,12,166,13,195,13,202,9,204,6,204,0
283,0,283,5,286,7,286,8,294,13,298,13,301,15,320,15,327,13,330,15,360,15,367,13,370,9,370,0
0,0,0,23,15,22,29,18,31,14,31,7,34,6,34,0
207,13,204,11,197,10,196,8,166,8,162,10,99,9,96,11,95,11,91,14,91,21,93,24,97,25,147,25,155,23,163,25,197,25,205,23,206,22
257,13,257,21,260,24,264,25,325,25,333,26,369,26,374,24,374,15,370,12,365,11,363,9,330,9,327,11,320,9,301,9,288,10,279,8,264,8,260,10
621,1,620,0,587,0,585,1,577,3,573,7,573,12,568,13,567,15,562,18,560,18,556,23,555,23,554,24,550,24,550,32,552,34,552,46,587,48,592,46,600,46,603,43,607,43,612,39,618,38,620,36,625,28,625,6,621,6
0,29,0,49,14,48,19,46,22,44,24,41,24,34,15,29
453,64,453,71,455,73,462,75,490,75,493,76,524,76,527,77,546,77,549,79,562,80,577,80,586,79,598,81,620,81,631,83,639,83,639,66,592,66,585,63,551,63,548,62,529,62,526,63,516,63,512,61,465,61
452,63,452,72,455,74,461,76,512,76,513,88,516,89,527,90,575,90,578,88,578,81,583,80,605,82,619,82,630,84,639,84,639,65,593,65,586,63,552,63,549,61,528,61,525,63,517,63,513,61,464,60
510,65,510,75,513,76,525,76,528,77,547,77,550,79,563,80,577,80,587,79,599,81,620,81,632,83,639,83,639,66,592,66,585,64,551,64,548,63,530,63,527,64
457,76,457,85,460,86,466,88,508,88,521,86,521,75,519,75,463,73
576,77,575,75,565,73,550,73,549,75,544,75,521,75,515,76,515,86,518,88,529,89,570,89,576,87
570,78,570,88,576,90,609,90,615,88,616,86,616,81,609,78,578,77
464,88,465,97,471,100,500,100,520,101,552,100,552,90,545,86,520,86,473,85,466,86
546,90,545,100,550,101,590,102,594,101,596,100,596,92,593,90
481,102,481,108,486,112,532,113,545,113,548,111,548,102,546,101,538,99,486,100,482,101
542,103,543,112,561,114,585,114,590,113,592,111,592,104,586,101,555,101,550,103
455,114,455,121,460,123,495,124,503,123,504,114,495,111,460,111
497,114,497,123,500,124,552,125,556,123,556,116,552,113,503,113
551,117,551,123,555,126,587,126,590,125,592,123,592,116,588,114,561,114,555,115
337,343,334,340,329,339,314,340,310,341,308,341,304,345,302,348,303,356,308,359,314,360,328,360,334,358,338,354
