402,295,400,302,400,315,401,316,407,318,430,318,434,318,435,316,437,302,434,296,426,295
479,298,475,306,475,313,478,320,481,321,488,321,492,323,507,322,512,325,520,326,541,325,544,320,544,308,540,304,535,302,516,301,511,298,496,295,486,295,481,296
400,320,398,321,395,326,392,333,393,345,392,351,390,353,390,368,395,375,403,377,413,377,419,375,424,368,424,365,426,361,427,348,425,344,424,343,419,342,420,335,420,326,411,320
415,332,415,340,416,341,416,349,418,350,419,353,447,352,457,350,459,349,460,343,460,329,457,326,444,325,424,325,421,326,419,331
469,330,467,333,464,335,462,338,463,351,466,351,470,357,484,358,485,361,496,361,498,360,506,360,507,358,512,358,512,332,510,330,500,326,500,325,495,325,482,325,474,326
505,332,504,348,500,351,500,358,508,358,516,360,528,360,540,359,544,357,544,352,545,351,545,338,540,333,525,331,510,331
461,337,462,351,465,352,469,358,477,358,479,361,497,362,499,360,508,360,515,361,530,361,542,360,545,358,545,353,547,352,546,337,542,333,538,331,526,330,511,330,503,326,501,326,500,325,481,324,471,326
542,332,526,330,511,330,503,325,501,325,500,324,496,323,480,323,472,325,467,328,465,332,462,334,460,336,461,351,464,351,465,354,463,358,464,375,465,377,465,383,467,388,470,390,483,390,485,389,490,382,491,378,496,373,496,368,498,368,499,360,508,360,515,361,530,361,542,360,545,358,545,353,547,352,546,336
468,355,465,360,465,374,467,376,468,385,471,389,481,389,485,386,489,381,489,378,493,373,495,372,495,367,496,366,496,358,493,358,492,355
509,363,508,378,510,380,515,380,515,385,517,386,519,386,521,388,538,388,545,385,545,371,542,368,538,368,538,363,531,361,513,361
