285,0,285,6,287,6,295,11,331,10,331,0
324,0,325,10,331,14,337,15,370,15,371,4,363,0
365,4,364,16,369,20,408,21,410,20,413,18,413,9,410,6,386,3,372,3
65,11,65,18,66,20,72,22,100,23,105,21,105,13,103,11,99,9,88,7,74,7,68,8
111,16,112,25,120,30,148,30,154,28,156,26,156,18,151,14,146,13,120,12,114,14
490,21,490,30,494,34,513,35,538,35,538,23,514,18,495,18
531,23,531,36,533,38,536,38,537,40,572,41,576,40,578,39,578,28,570,25,551,21,541,21
210,25,210,28,208,30,207,33,207,41,210,42,211,50,215,50,215,51,225,51,225,46,250,46,250,44,252,43,253,30,249,28,249,26
571,33,571,39,576,43,585,46,612,46,621,44,621,32,612,28,605,26,583,26,575,28,574,31
615,33,615,44,622,49,639,50,639,31,623,31,620,33
250,36,250,42,255,42,255,46,260,46,260,48,264,50,274,50,275,49,290,49,295,48,297,46,297,37,295,35,288,33,283,30,256,31,255,34,251,35
528,63,528,71,529,73,533,75,544,77,565,78,570,76,572,75,572,66,570,63,565,61,555,60,536,60,530,61
160,244,157,246,155,251,155,265,158,269,163,273,165,276,165,290,171,299,176,302,185,303,188,304,210,303,220,296,221,293,222,287,225,285,225,282,239,277,243,273,243,257,240,251,237,249,236,246,225,243,172,242
471,345,470,347,467,349,465,353,465,365,468,373,471,378,479,383,480,385,483,385,485,388,496,388,500,385,500,380,503,375,503,366,500,361,495,356,495,353,487,346
439,354,435,356,434,359,432,376,434,380,436,383,446,383,450,381,454,375,454,359,450,355
