323,125,321,124,321,120,314,107,311,106,310,104,301,102,218,103,210,105,196,107,183,106,178,105,140,105,126,107,118,110,113,116,113,124,108,125,106,131,106,137,105,140,105,182,107,186,108,191,110,195,113,195,113,199,118,204,123,204,125,206,133,206,134,209,161,209,165,207,194,206,207,205,281,205,285,204,286,202,290,202,301,199,306,193,308,193,320,178,323,156
346,260,344,259,312,260,308,261,291,261,289,263,285,263,284,265,284,272,283,275,283,300,282,301,282,326,286,330,304,330,321,329,341,330,348,328,349,320,351,320,358,317,358,300,351,295,351,279,349,272,349,267
191,288,185,294,183,300,183,313,185,317,189,322,193,324,203,324,212,317,214,313,214,300,211,294,208,290,205,287,195,286
355,303,348,298,342,298,337,296,331,296,330,299,323,300,286,300,284,304,284,312,286,315,288,316,335,316,339,318,346,318,355,314
356,302,349,297,343,297,338,295,330,295,330,298,322,300,285,300,283,303,283,324,288,328,302,328,306,326,345,326,346,325,347,318,350,318,356,315
177,329,177,342,180,346,183,348,190,350,213,349,219,346,221,343,222,340,222,331,221,327,219,325,214,322,188,321,182,323,180,325
350,340,348,336,344,333,308,335,292,334,286,335,283,338,283,348,286,351,308,350,317,353,345,352,348,350,350,348
185,354,185,365,187,368,191,370,206,370,209,369,213,362,213,354,210,350,205,346,190,347,187,350
183,376,183,389,184,391,188,394,193,395,205,395,210,393,213,388,213,376,208,370,191,369,185,372
146,524,147,540,153,546,174,547,179,545,183,540,184,537,184,525,180,518,174,514,157,513,150,517
291,525,278,519,235,520,226,521,187,521,184,523,183,525,183,538,185,542,198,542,199,544,207,544,208,542,226,541,228,542,229,545,275,545,288,540,291,535
183,526,183,537,186,541,199,541,200,543,206,543,207,541,222,541,228,539,228,523,226,522,196,521,188,522,185,524
