139,33,143,36,145,37,165,37,166,38,166,40,169,42,173,48,178,51,199,51,204,49,213,48,221,44,222,36,223,35,223,28,225,27,225,23,227,22,228,20,231,19,239,19,244,16,255,16,264,13,266,9,266,0,145,0,140,3,140,9,139,10
139,33,143,36,145,37,165,37,166,38,166,40,169,42,173,48,178,51,199,51,204,49,213,48,221,44,222,36,223,35,223,28,225,27,225,24,235,23,235,19,239,19,244,16,255,16,264,13,266,9,266,0,145,0,140,3,140,9,139,10
139,33,143,36,145,37,165,37,166,38,166,40,169,42,173,48,178,51,199,51,204,49,213,48,221,44,222,36,223,35,223,28,225,27,225,24,235,23,237,22,238,19,244,16,255,16,264,13,266,9,266,0,145,0,140,3,140,9,139,10
101,32,98,38,98,46,102,49,108,52,108,58,113,63,125,68,132,69,145,69,153,66,156,62,155,52,149,46,143,44,138,43,139,34,136,32,136,31,125,29,110,29
291,60,287,56,276,56,272,57,268,58,265,56,255,56,254,57,248,58,248,59,245,60,242,62,241,71,243,73,248,74,276,74,277,73,288,70,291,67
492,210,491,208,487,207,462,207,451,210,434,213,425,217,419,217,414,219,403,221,400,222,393,223,380,226,373,227,366,230,361,231,358,234,341,236,328,240,326,243,326,255,330,258,332,259,348,259,349,270,351,272,356,275,365,277,384,277,386,275,391,274,397,273,399,271,404,271,409,269,414,268,419,265,425,265,433,263,435,262,439,261,442,260,447,259,453,257,453,256,455,256,458,253,459,253,459,240,458,237,458,233,460,232,464,231,465,230,480,229,481,228,489,228,492,223
490,208,486,207,463,208,451,211,435,214,426,217,420,217,414,219,404,221,401,223,393,223,381,227,375,227,367,230,361,231,358,234,359,248,356,250,352,253,352,255,350,258,350,270,352,272,356,275,361,276,382,277,390,273,396,272,398,271,403,270,408,268,413,267,418,264,425,264,432,263,434,261,438,261,441,259,451,258,451,257,453,257,453,255,455,255,457,252,458,252,458,240,457,238,457,233,460,231,463,231,464,229,479,229,480,228,488,227,492,223,492,210
499,222,494,220,494,209,492,208,488,206,466,206,459,207,458,208,450,210,434,213,425,216,419,216,413,218,402,220,399,222,392,222,380,226,372,227,365,229,360,230,357,233,341,235,330,238,327,240,326,242,326,256,329,259,332,260,348,260,348,271,350,273,355,276,364,278,384,278,392,275,398,274,400,272,405,272,410,270,415,269,420,266,427,266,434,264,436,263,440,262,443,261,453,259,457,256,475,256,488,252,493,250,497,250,499,248
492,208,488,206,462,207,450,210,434,213,425,216,419,216,413,218,402,220,399,222,392,222,380,226,374,226,365,229,360,230,357,233,357,247,350,252,350,254,348,257,348,270,350,273,355,276,360,277,383,278,391,274,397,273,399,272,404,271,410,269,414,268,419,265,426,265,434,264,436,262,440,262,442,260,452,259,457,255,474,255,488,252,492,250,496,249,499,248,499,222,493,220,493,209
455,232,447,232,446,231,436,231,434,231,433,233,427,233,426,234,423,234,421,235,417,235,417,237,411,237,409,239,404,239,404,241,388,241,384,243,378,244,376,245,365,247,363,249,358,251,354,254,354,257,352,260,352,268,354,270,360,274,367,275,380,275,388,272,394,271,396,270,401,269,406,267,411,266,416,263,423,263,430,261,432,260,436,259,439,258,449,256,449,255,451,255,451,254,453,254,455,251,457,251
368,237,352,238,335,242,332,244,331,246,331,251,334,255,337,255,349,255,355,253,359,253,362,252,366,251,370,248,371,248,371,243,368,241
