120,112,120,120,124,125,148,125,149,127,160,127,165,124,165,115,158,109,131,108,123,110
118,126,118,132,122,136,151,136,155,135,158,132,158,125,156,125,155,123,153,122,153,121,125,120,120,123
310,187,306,184,299,182,272,183,263,185,256,190,257,202,267,208,278,209,280,210,296,211,303,210,303,206,307,205,307,203,310,201,311,197
308,190,308,197,314,202,335,203,359,203,363,202,365,199,365,192,360,187,344,187,338,189,330,187,312,187
313,202,314,210,322,214,379,214,383,212,383,203,380,201,362,200,359,198,319,197
307,189,307,199,312,202,312,210,315,213,321,215,322,222,325,224,334,225,392,224,395,222,395,214,393,212,388,212,385,210,384,201,382,200,368,199,367,191,361,187,343,187,337,188,331,187,311,187
480,205,480,212,485,215,502,215,505,214,508,211,508,206,507,204,504,202,485,202
522,211,522,220,528,221,528,222,530,223,530,228,550,228,554,227,564,227,571,224,573,222,573,212,569,208,531,207,530,208,529,208,528,211
505,243,506,255,521,255,522,256,526,257,537,257,539,254,543,253,559,252,568,250,568,240,531,240,518,242,509,242
197,205,195,207,195,213,194,215,195,233,195,236,190,241,190,255,192,259,196,262,197,275,200,281,211,282,215,278,215,240,213,233,212,209,211,206,209,205
