106,457,106,472,108,475,113,475,116,479,123,479,125,475,134,477,135,479,143,479,146,478,147,475,150,475,151,471,154,470,153,457,150,457,145,453,110,453
150,459,150,470,151,471,152,474,161,475,163,474,165,470,165,458,162,454,155,454
174,460,171,463,169,468,168,483,170,490,181,490,184,480,184,467,180,460
87,472,87,482,90,485,94,487,108,487,112,484,113,479,113,470,111,466,93,466
170,485,168,492,169,505,172,511,180,511,184,503,184,490,181,484
94,487,91,491,91,505,95,510,97,511,103,511,106,510,110,505,111,492,107,487,103,485,97,485
172,505,167,513,167,525,170,531,179,532,182,530,184,525,184,512,180,505
91,515,92,526,97,531,105,531,109,528,110,525,110,513,108,510,104,509,103,507,97,507,96,510,93,510
148,523,148,540,153,544,162,544,166,539,167,526,164,520,161,519,154,519
111,521,110,526,110,539,111,542,113,545,121,545,123,544,125,541,127,541,127,521,123,518,116,518
127,523,127,542,135,545,144,545,152,540,152,523,141,520,129,520
