201,13,201,32,202,35,206,39,210,41,215,42,216,44,218,45,246,45,246,43,249,43,298,43,300,44,317,44,318,42,320,42,321,41,327,37,328,34,328,30,330,28,329,10,326,6,326,4,324,4,323,3,319,1,316,1,313,0,217,0,210,3,206,6,205,8,203,9
117,13,116,40,118,44,123,46,138,47,149,45,165,41,167,40,180,39,188,34,192,29,192,18,187,14,181,11,180,9,167,9,166,13,158,13,157,10,147,10,146,12,142,12,139,11,130,11,130,9,120,9,119,12
353,13,352,15,350,15,348,17,343,19,342,21,339,22,337,24,336,34,334,36,334,64,333,65,333,85,335,85,337,86,337,92,341,92,343,94,353,95,358,96,372,96,375,94,386,94,387,92,390,92,391,80,395,79,399,77,400,71,403,67,404,43,402,41,402,33,400,28,397,27,396,22,395,22,395,21,389,20,389,19,384,18,383,17,379,17,378,16,375,16,374,15,369,14,368,13
322,45,318,37,316,37,316,34,243,34,242,36,235,36,219,36,217,37,212,38,206,42,205,55,212,61,216,61,222,63,240,63,242,62,266,62,271,63,305,62,313,62,320,57,322,53
379,129,380,139,390,144,397,144,398,143,404,142,415,142,421,139,423,137,422,129,417,125,406,125,401,124,388,124,385,125,381,126
235,152,233,155,234,165,237,169,240,171,244,172,270,173,275,172,281,167,281,165,286,160,286,154,283,153,283,148,246,147,240,148
362,174,362,180,363,183,367,185,373,185,383,187,412,186,417,185,421,181,421,172,415,168,411,168,375,167,367,169,364,171
151,331,154,333,157,333,162,335,166,335,167,336,192,335,193,333,195,333,199,331,201,328,202,327,225,327,230,326,233,323,233,320,235,319,248,320,261,318,263,315,263,305,261,301,233,301,229,300,227,297,219,297,214,293,206,291,160,291,154,294,152,297,152,302,150,304
263,294,259,291,255,291,246,290,221,291,218,291,216,294,212,292,207,291,159,291,153,294,152,296,152,302,149,304,150,331,154,334,156,334,161,335,165,335,166,336,192,335,194,334,196,334,200,332,202,328,226,328,231,326,234,324,234,321,235,320,249,320,261,319,264,316
213,355,214,365,218,369,225,371,243,371,253,372,274,372,280,370,284,367,286,363,286,354,284,352,281,350,274,348,223,347,218,349,215,351
