100,117,101,141,107,142,114,145,142,145,150,144,160,144,178,145,253,145,261,143,266,143,268,139,270,138,270,128,267,121,260,117,251,115,215,115,180,114,170,113,123,113,109,114,103,116
73,115,70,116,70,118,63,122,60,123,56,128,56,137,58,141,67,148,67,149,70,150,96,150,97,148,100,148,114,140,114,132,112,131,111,119,106,118,99,115,95,113,79,113
253,133,254,151,260,155,297,155,299,156,356,157,368,156,375,157,423,157,432,157,437,155,441,151,441,137,437,133,426,131,369,131,367,130,361,130,297,131,293,130,257,128,255,133
52,154,51,177,55,182,60,184,70,185,75,186,105,185,107,187,115,187,117,189,169,189,185,186,195,182,198,182,199,151,189,150,185,146,180,144,156,144,150,145,114,145,105,143,104,140,85,140,84,142,72,142,64,143,64,144,55,150
191,152,187,151,185,149,180,146,172,145,158,145,152,146,104,146,104,158,101,159,101,164,100,164,100,174,101,174,101,182,104,182,109,186,116,186,119,187,167,187,183,185,193,181,196,181,196,166,191,166
194,151,194,169,191,174,191,181,193,181,194,182,197,183,198,184,200,184,202,186,215,186,217,188,217,190,230,190,236,186,248,186,249,185,256,184,256,159,255,156,249,152,241,151,237,150,225,150,224,149,220,148,201,149
186,153,186,180,193,181,194,182,197,183,198,184,200,184,202,186,215,186,217,188,217,190,230,190,236,186,248,186,249,185,256,184,256,159,255,156,249,152,241,151,237,150,225,150,224,149,220,148,206,148,201,149
268,171,268,184,270,184,268,185,268,194,271,194,271,199,274,202,279,204,288,205,300,205,305,206,330,206,335,206,338,207,357,207,368,203,370,199,375,196,375,189,376,186,378,185,378,176,373,175,366,171,358,169,346,169,327,164,314,164,295,166,284,166,273,167,273,170
450,227,450,233,453,238,456,240,462,241,464,245,477,245,478,243,490,243,497,241,505,241,506,242,520,242,521,241,528,240,533,236,533,229,529,225,523,224,473,222,457,224
160,250,160,274,163,278,166,280,175,283,190,284,245,284,248,285,257,285,261,286,291,286,298,285,370,285,375,281,375,264,370,259,371,242,367,237,363,235,332,234,264,234,250,235,246,236,184,235,179,236,170,240,169,242,163,245
299,237,292,237,284,236,253,236,247,238,212,237,183,237,171,242,171,244,165,247,163,252,163,271,165,275,169,278,173,280,182,281,192,282,248,282,250,283,260,283,264,284,288,284,298,282,300,280,300,276,302,275,302,273,305,272,305,252,304,251,304,249,301,249,301,245,299,244
445,281,445,290,447,291,449,296,456,301,487,301,493,302,515,302,519,300,521,298,521,288,520,285,519,280,515,279,511,279,510,277,506,277,504,276,483,276,480,275,457,275,449,280
403,281,401,285,401,291,404,293,406,298,411,301,438,300,438,299,445,295,445,282,445,280,440,279,436,276,432,275,417,275,410,276
445,281,445,290,447,291,449,296,456,301,487,301,493,302,515,302,519,300,521,298,520,286,520,285,514,284,514,279,511,279,510,277,496,276,483,276,480,275,457,275,449,280
632,282,626,285,622,293,622,301,624,308,626,311,629,313,639,313,639,282
75,288,75,302,77,305,77,306,83,312,90,313,99,316,120,317,125,316,129,314,132,314,140,314,141,315,155,315,155,314,159,314,165,308,164,290,157,287,150,287,147,285,139,284,126,284,123,283,122,282,116,282,103,279,89,279,85,280,78,284,77,287
410,298,410,308,414,311,425,312,448,312,452,311,455,308,455,299,450,297,444,296,440,295,428,295,425,296,411,296
540,295,536,298,534,303,534,309,536,313,545,316,561,316,570,315,575,313,577,310,577,300,570,295,566,293,550,293,545,295
455,300,455,308,458,310,460,311,512,311,515,311,518,308,518,301,515,297,485,297,477,296,457,296
370,308,365,313,365,321,368,325,372,328,395,328,395,326,401,325,402,317,400,315,400,313,397,310,391,308,382,306,374,306
395,319,396,332,406,339,418,339,420,338,462,338,463,339,478,339,480,338,486,337,500,337,503,334,503,327,501,326,501,322,483,321,481,320,480,316,477,314,463,314,460,315,456,315,453,314,436,313,421,313,418,315,404,315,399,317,397,319
395,319,395,332,405,338,405,344,410,346,416,346,418,347,428,348,457,347,461,346,466,346,470,345,470,339,478,339,480,338,486,337,500,337,503,334,503,326,501,326,501,321,483,320,481,319,480,315,477,314,462,314,460,315,456,315,453,314,436,313,420,313,417,314,403,315,398,316,396,319
218,324,218,329,216,332,214,333,214,342,216,343,217,347,225,353,250,353,250,354,273,354,275,353,287,353,300,350,303,347,302,330,298,326,293,325,270,324,267,323
580,360,575,356,567,354,548,354,540,356,485,356,481,358,478,360,477,378,480,382,482,383,533,384,543,381,567,381,574,379,579,374
479,390,479,400,480,402,485,405,504,406,535,405,540,405,545,403,545,401,545,394,544,389,541,386,534,385,492,384,482,387
