244,70,244,78,249,81,258,82,275,82,283,78,285,76,284,67,278,65,251,66,247,67
220,90,220,101,226,105,259,105,273,108,286,108,301,107,305,105,306,102,306,92,301,90,298,89,267,88,261,86,242,86,227,86,223,87
25,147,25,154,31,157,35,160,60,160,60,159,74,158,77,156,77,149,75,147,71,146,58,145,30,145,27,146
117,155,117,175,120,177,125,179,175,179,185,177,187,174,191,174,208,176,236,176,239,177,245,182,250,183,261,184,283,183,288,179,288,167,286,162,284,161,284,159,280,159,278,157,255,157,250,159,249,160,240,159,231,157,193,157,185,157,180,155,145,154,124,154
118,156,118,174,120,177,126,178,175,178,185,177,186,174,198,174,200,175,209,176,235,175,238,176,250,176,250,161,247,160,240,160,230,157,192,158,185,157,180,156,145,155,125,155
430,170,430,171,429,171,430,186,431,188,440,190,465,191,469,189,469,180,466,176,466,173,462,169,459,168,440,167,435,168
479,174,479,182,480,184,487,186,489,190,499,195,540,196,550,195,564,195,570,193,575,193,575,172,560,171,535,171,523,168,503,168,485,170,480,172
435,173,430,169,426,167,418,167,413,169,396,169,394,169,392,171,388,171,388,179,390,182,396,185,431,185,435,183
25,179,25,186,30,188,40,190,73,190,80,187,80,178,77,176,72,174,60,173,43,173,35,176,27,176
600,179,599,188,601,189,601,192,607,195,626,195,632,191,633,181,630,179,625,177,609,177
75,180,75,191,75,195,78,198,86,200,88,201,105,200,115,197,115,193,119,191,119,181,117,181,115,180,111,179,105,174,93,174,86,175,79,178
479,174,479,182,480,184,488,186,489,190,491,192,499,195,503,195,564,195,568,194,584,193,590,189,589,176,585,174,580,172,570,172,560,171,535,171,523,168,503,168,485,170,480,172
210,187,210,196,211,200,216,204,225,205,257,205,272,207,350,208,359,206,362,204,364,201,366,201,366,191,360,186,340,186,335,184,312,181,278,180,220,180,215,182,211,184
464,196,464,202,467,205,475,206,480,207,500,207,501,206,505,206,510,210,525,210,526,207,530,206,540,200,540,192,538,190,535,190,504,190,500,191,494,190,475,190,469,191
358,192,358,201,360,204,365,205,387,206,393,205,398,203,397,192,386,191,365,191
393,192,393,204,397,206,428,206,431,209,435,210,447,210,450,207,450,205,452,203,452,195,450,192,447,191,403,190
