257,275,257,283,260,285,299,285,303,283,303,275,296,272,266,272,260,273
213,276,213,285,217,288,235,287,240,285,240,276,238,275,216,274
233,340,232,360,236,364,260,365,265,362,271,357,271,341,269,339,265,337,249,336,237,338
162,381,162,403,165,403,174,408,303,409,309,406,313,400,313,381,311,378,306,374,299,372,207,372,199,374,181,373,172,375,170,376,167,377
62,386,62,402,69,408,77,410,118,410,135,408,162,409,172,402,172,383,170,380,165,378,114,379,70,377,64,380
220,411,216,405,211,401,150,401,146,404,69,403,61,406,57,410,56,428,61,433,70,435,132,435,143,433,149,434,150,436,161,436,162,435,174,434,193,435,195,436,208,436,209,435,217,433,219,429
105,436,105,454,113,464,127,464,132,461,138,461,142,464,165,464,171,462,178,462,178,464,221,463,227,460,238,460,244,455,246,451,245,433,241,429,233,427,217,427,208,425,195,425,193,427,162,427,161,425,150,425,144,428,133,430,113,430,109,431
54,442,54,451,59,460,65,460,74,462,83,462,84,460,92,460,97,459,100,456,102,453,102,440,100,437,92,435,83,435,80,433,59,433,55,437
173,463,173,479,175,481,181,485,276,485,279,484,284,477,284,460,282,457,277,455,185,452,183,454,179,454,173,459
106,465,107,479,110,482,116,485,163,485,169,482,172,477,172,464,164,455,143,455,134,456,128,455,127,454,119,454,112,455,108,460
55,464,55,475,56,479,59,482,67,485,89,485,101,479,102,465,96,459,84,457,80,455,70,455,69,456,59,458
53,490,54,505,56,509,61,511,116,513,124,510,130,505,130,489,117,481,97,480,90,478,66,478,64,481,58,482,54,487
158,490,158,508,161,508,167,512,268,512,273,510,277,505,276,486,273,483,266,481,242,481,234,483,232,485,230,485,226,482,221,482,216,480,175,481,167,483
124,490,124,505,130,512,141,513,154,509,154,500,157,499,157,491,141,485,130,485,126,487
116,520,116,535,117,538,119,539,120,543,141,543,143,540,149,540,149,542,156,544,170,544,170,542,176,544,184,544,188,548,193,548,194,550,206,550,207,548,245,549,263,552,275,552,284,544,285,540,284,523,282,519,278,516,261,516,246,515,201,515,190,510,134,510,122,512,117,516
51,527,51,540,54,546,59,546,60,548,102,549,103,547,108,547,111,550,119,550,123,545,126,545,127,527,124,526,124,523,123,521,113,520,59,520,54,523
112,541,112,554,116,561,117,562,146,563,156,565,176,565,177,567,193,570,194,571,205,571,207,570,207,565,211,565,211,563,212,562,212,546,208,545,205,542,205,540,198,537,195,534,178,534,170,535,169,534,166,533,154,533,149,535,141,534,140,532,130,532,117,535,117,536,115,537
49,545,48,560,52,566,56,568,102,569,106,568,110,562,110,548,108,545,104,544,102,541,65,540,65,539,54,539
27,581,27,606,30,615,33,620,40,620,42,621,46,622,258,622,265,624,287,624,303,620,307,615,310,607,310,578,308,573,303,567,298,565,289,563,235,563,220,560,211,555,197,555,192,553,113,552,106,555,103,557,101,561,97,562,40,564,30,571
