173,16,169,20,169,24,171,28,175,30,190,30,194,29,194,25,195,25,196,24,196,20,194,19,193,18,186,15,177,15
190,20,190,25,188,25,188,31,190,31,191,32,193,33,193,35,199,36,207,38,224,38,230,35,231,34,231,25,229,23,224,20,217,17,201,17,199,17,194,20
234,25,233,29,233,34,235,37,238,39,240,39,247,40,264,40,268,39,272,37,274,34,274,28,271,24,268,22,257,21,244,21,238,23
8,34,9,43,15,44,16,45,109,45,120,45,127,42,127,33,125,32,120,31,81,31,73,31,32,31,16,31,12,32
128,34,128,42,152,43,158,41,161,39,161,34,157,32,154,32,151,31,138,31
302,34,298,38,298,48,302,52,309,53,311,53,330,53,334,55,338,55,341,56,342,57,350,59,364,59,369,57,373,57,373,51,374,49,375,49,375,47,377,47,378,40,376,40,373,39,369,36,365,34,360,33,348,33,347,32,336,32,331,31,312,32
296,36,296,50,299,53,306,54,308,55,328,55,332,57,335,57,338,58,339,59,345,60,363,60,372,65,375,65,393,66,395,67,404,67,409,68,434,68,444,65,449,59,448,45,444,43,434,39,430,38,424,38,415,36,406,35,391,35,378,36,375,37,369,33,362,32,350,32,349,31,336,31,333,30,309,30,299,33
177,58,175,58,169,55,147,55,141,54,117,54,112,54,89,54,82,55,60,56,0,57,0,81,35,82,62,81,100,81,113,80,166,80,171,79,176,76,177,76
167,61,166,74,169,74,171,75,177,76,223,77,229,76,234,75,238,72,239,70,239,63,236,60,229,58,201,58,196,57,180,57,177,58
448,63,444,67,444,75,444,77,450,81,457,82,472,82,482,85,499,85,498,64,490,64,481,64,477,62,469,61,454,61
