563,55,561,57,560,67,556,73,557,90,560,95,560,100,576,101,577,105,592,105,598,101,608,101,609,100,612,100,615,96,629,86,630,86,630,57,620,55,619,54,598,54,595,55,595,54,590,53,587,52,573,52
560,95,560,97,556,98,552,102,550,105,550,115,548,117,546,130,546,145,548,152,555,159,565,164,570,164,573,165,594,165,595,161,597,159,597,147,595,147,595,146,598,146,598,135,600,134,600,125,599,125,599,117,596,115,596,106,592,103,592,97,585,97,585,96,579,95
557,91,557,96,553,98,549,104,548,114,546,116,545,129,545,146,546,153,553,160,563,165,568,165,571,166,586,166,587,171,589,171,590,174,605,174,606,172,618,172,619,162,623,157,623,136,620,133,623,132,628,125,628,109,624,102,615,97,615,95,612,95,595,95,593,96,587,96,586,95,580,94,580,91
559,95,559,96,555,97,551,101,550,105,549,115,547,116,545,130,545,146,548,154,554,159,564,165,569,165,572,166,587,166,588,170,590,171,590,173,605,173,605,172,617,172,618,162,622,156,622,137,616,130,616,127,602,126,600,124,600,117,597,115,597,105,593,103,593,97,586,97,585,95,580,95
591,170,587,177,584,180,578,183,577,185,578,196,580,199,585,201,587,206,589,227,614,227,614,222,616,215,616,207,625,197,625,186,620,179,615,177,615,175,605,175,601,173,601,170
590,169,585,176,582,179,576,182,575,184,576,197,578,200,584,203,585,207,586,217,579,217,570,215,557,215,554,217,551,217,547,220,543,226,543,238,545,241,549,242,550,244,580,245,589,250,596,250,600,251,615,251,625,241,624,230,622,226,617,221,616,219,618,216,618,208,626,198,626,185,621,178,617,176,617,174,606,174,603,172,603,169
590,220,588,222,585,222,585,230,581,232,580,242,591,248,612,249,622,240,622,234,619,226,613,221,613,220,605,220,604,222,600,222,598,220
589,242,584,250,584,264,585,266,579,272,580,290,576,296,576,305,580,310,580,312,582,314,582,319,584,322,585,329,582,340,582,347,578,352,576,357,576,370,580,378,580,381,595,381,598,379,601,380,615,380,616,376,621,370,622,365,622,354,619,349,618,341,615,331,615,315,617,310,620,309,619,292,624,285,623,270,619,266,620,251,619,248,615,243,610,242
616,263,587,264,586,266,580,270,579,272,580,290,576,296,576,305,580,309,580,311,582,314,584,328,585,329,583,335,582,347,578,352,576,357,576,369,580,377,580,380,595,380,597,379,601,380,615,380,615,376,620,369,621,354,618,349,614,329,615,315,616,310,619,308,618,291,623,285,623,274,622,270,617,266
639,194,629,195,625,197,625,200,623,204,624,218,621,228,622,245,624,249,622,255,623,274,621,276,621,280,619,282,618,296,615,299,615,311,618,321,621,325,629,326,639,326
588,241,583,250,583,264,585,265,578,271,579,289,575,295,575,305,579,310,579,312,581,314,581,319,583,322,584,329,581,340,581,346,577,351,575,356,575,370,580,378,580,383,593,383,594,385,597,386,597,389,614,389,614,387,615,386,616,376,620,371,622,365,622,354,619,349,618,341,615,330,615,315,617,310,620,309,619,292,624,285,624,273,623,269,619,266,620,251,619,247,615,242,610,241
