190,18,185,20,183,25,180,26,179,40,177,41,176,45,172,46,172,56,175,67,174,101,176,105,188,106,200,106,203,106,212,100,214,97,214,93,216,90,217,68,215,64,214,29,211,23,207,19,204,18
169,20,164,21,160,26,160,49,163,53,173,57,175,68,174,101,176,105,181,106,204,106,213,100,215,98,215,94,217,90,218,68,216,64,215,29,210,21,205,18,190,18,185,20
264,24,242,23,233,25,225,25,216,33,216,36,215,38,214,53,215,67,210,74,210,87,214,95,218,98,223,101,251,101,263,98,268,93,270,86,272,73,275,69,276,61,276,45,275,36,266,25
154,68,150,70,149,75,148,86,146,86,146,102,148,106,151,109,163,110,167,107,172,96,173,77,170,71,167,68
495,177,490,173,485,172,474,172,455,174,448,179,448,189,452,191,457,193,487,192,494,189,495,187
61,160,57,163,56,166,56,189,63,200,73,200,75,197,77,190,80,186,80,167,78,163,74,161
98,167,87,167,85,169,82,173,77,191,73,198,72,206,70,208,70,218,74,223,77,225,87,225,93,220,95,217,96,201,101,186,102,179,101,169
145,179,145,183,138,184,138,186,135,187,133,189,130,200,130,209,133,213,133,216,135,216,136,218,140,219,142,222,147,225,157,227,171,227,182,221,186,218,188,215,188,206,186,200,181,194,180,185,174,182,165,182,164,179
143,180,138,181,138,186,135,187,133,189,131,195,130,209,133,213,133,216,135,216,136,218,140,219,142,222,147,225,157,227,171,227,182,221,186,218,188,215,188,206,186,200,181,194,180,185,174,182,165,182,164,179
445,230,445,243,446,245,450,247,476,247,490,245,493,243,493,233,487,230,481,230,480,228,476,228,475,220,467,220,466,222,452,222,452,226,450,228,446,228,446,230
133,409,133,423,135,423,137,428,144,432,160,432,161,434,175,434,180,433,185,430,188,430,189,428,190,416,183,408,180,408,174,405,168,403,141,403,138,404
