211,133,211,149,213,154,218,159,223,160,245,161,260,164,281,164,303,161,306,163,318,163,322,159,324,152,324,138,321,130,318,128,310,127,305,124,220,123,214,127
220,170,221,183,224,187,228,189,252,189,258,185,260,182,260,168,257,164,254,162,237,161,226,163,223,165
317,172,315,166,310,163,299,163,287,165,267,165,264,167,260,174,260,185,265,193,270,194,271,195,280,195,281,194,305,195,313,192,315,190,317,183
216,194,216,211,217,215,220,218,244,218,248,220,259,220,309,220,319,218,321,215,323,210,323,198,321,193,320,190,314,188,295,188,281,186,233,186,221,187,218,190
232,223,232,236,235,242,241,245,301,245,305,242,308,235,308,221,305,217,303,215,270,214,239,215,236,216
238,258,238,272,241,277,246,280,279,280,285,278,298,278,301,276,305,270,305,259,303,255,299,251,244,251,241,253
283,283,280,277,275,275,234,278,229,283,229,299,231,303,245,305,263,305,279,303,283,297
281,285,281,299,285,303,309,304,311,302,314,297,314,286,310,280,288,280,283,282
221,310,221,326,225,331,250,333,313,332,318,330,321,324,320,308,318,305,315,304,236,302,226,304,223,305
300,336,296,330,290,327,265,327,247,330,243,333,240,342,238,342,237,345,233,345,233,346,231,347,231,355,226,355,226,371,229,375,232,375,233,377,283,375,290,370,291,363,297,360,298,357,300,356
378,379,378,392,384,396,407,396,411,395,413,390,413,377,408,373,383,374,380,375
336,380,336,389,337,394,343,397,371,398,377,397,383,392,383,379,380,375,376,373,340,374,337,376
406,404,403,399,401,398,365,399,360,404,360,416,363,420,370,421,401,421,404,420,406,416
347,399,342,406,342,417,345,424,347,425,358,425,361,424,365,416,365,405,363,405,360,399,356,397,350,397
340,427,340,440,344,445,350,447,397,447,405,445,407,443,408,440,408,428,406,425,401,422,344,422
316,442,315,440,313,434,310,429,301,425,286,425,278,428,243,429,234,433,231,437,230,442,230,460,234,467,243,471,302,472,308,470,315,466,316,463
336,477,331,470,322,466,307,466,262,470,227,470,220,473,216,478,215,502,219,508,226,510,248,510,259,508,326,507,332,505,336,500
243,523,243,539,245,542,250,547,256,549,304,547,308,545,313,538,312,520,308,515,303,513,253,513,247,515
228,562,228,580,232,585,241,589,310,588,319,585,325,578,325,559,324,555,321,552,315,550,246,550,231,556
