44,74,43,83,37,83,35,85,35,96,36,100,41,105,47,108,49,110,50,116,54,120,61,124,61,125,66,126,68,128,91,128,92,125,95,125,95,123,98,122,98,120,100,120,101,117,104,115,105,101,103,100,103,94,100,92,100,90,96,86,96,84,94,83,91,81,90,78,87,76,87,72,82,70,69,70,68,72,50,72
522,197,504,197,497,199,494,203,494,205,491,207,490,213,488,214,488,225,485,231,485,240,481,244,481,247,478,251,474,268,474,279,479,287,503,287,508,285,512,282,513,276,515,275,515,269,520,255,520,246,523,245,524,239,526,235,527,231,530,229,531,226,531,211,533,211,533,202,529,201,526,198,524,198
522,197,504,197,497,199,494,203,494,205,491,207,490,213,488,214,488,225,485,231,485,240,481,244,481,247,478,251,474,268,474,279,479,287,503,287,508,285,512,282,513,276,515,275,515,269,520,255,520,246,523,245,524,243,524,239,526,235,527,231,530,229,531,212,533,212,533,202,529,201,526,198,524,198
349,255,349,262,350,264,355,266,371,267,386,265,394,263,395,260,395,254,391,251,357,250,352,252
297,256,295,259,295,266,297,270,319,270,324,270,328,267,328,259,324,255,308,254,300,255
297,255,294,259,295,268,293,270,293,276,295,279,297,280,303,281,322,281,326,279,329,276,329,270,327,269,327,257,324,255,315,254,307,254
425,271,415,269,401,269,395,269,388,273,380,275,369,282,369,289,374,290,374,298,378,299,379,301,389,302,404,302,405,301,424,300,429,298,434,294,435,292,435,283,432,280,425,277
425,271,415,269,401,269,395,269,388,273,380,275,369,282,369,289,373,289,374,293,376,293,376,299,378,299,379,301,381,302,404,302,405,301,424,300,429,298,434,294,435,292,435,283,432,280,425,277
297,286,293,289,293,296,290,297,285,300,285,309,289,312,289,322,293,323,305,324,328,323,331,322,333,319,332,308,334,307,334,297,329,294,328,288,325,286,320,285,303,285
334,298,329,295,316,295,308,297,296,296,290,298,286,301,286,309,290,312,290,322,294,323,306,324,324,324,330,322,333,319,332,308,334,307
