2,3,2,5,0,5,0,60,12,60,17,58,23,47,24,41,23,22,18,10,12,6,10,6,9,3
229,50,229,60,233,65,241,66,250,66,252,65,256,63,256,61,256,49,248,44,236,44,234,45
195,50,195,68,200,76,204,79,216,78,224,70,226,64,226,55,225,50,222,46,217,42,204,41,199,45
115,122,115,137,118,143,123,146,144,145,149,141,152,138,152,135,152,115,149,109,146,107,129,107,125,109,118,115
120,161,118,168,118,182,122,190,125,192,146,194,151,188,153,181,153,170,151,162,147,158,143,156,126,155,124,156
126,255,126,268,126,271,129,276,136,278,144,278,151,276,167,276,170,274,173,269,172,256,169,250,166,249,131,250,129,250
227,264,227,261,224,256,221,255,183,255,177,260,177,275,180,278,185,280,221,282,226,279,227,275
149,318,150,335,154,335,157,337,173,337,176,336,178,333,179,329,179,315,176,310,156,309,154,310
134,325,134,336,137,342,140,344,150,344,152,342,155,335,154,319,152,317,141,316,138,319
135,374,136,386,137,390,140,393,169,394,171,392,176,391,179,382,178,368,174,362,167,360,152,360,141,363,137,366
0,410,0,450,10,450,17,438,18,422,15,415,13,415,10,410
157,540,157,559,161,564,177,565,180,564,186,558,187,538,185,536,174,534,161,534
