138,175,131,174,131,171,119,171,119,174,116,175,115,176,114,175,106,175,106,173,100,173,100,160,88,160,87,165,81,165,80,166,78,166,78,170,71,171,70,174,52,173,50,174,50,176,38,176,34,179,33,183,27,183,27,187,25,190,24,190,24,200,20,200,20,215,26,217,34,217,35,219,43,220,75,220,78,223,83,224,102,223,105,220,124,220,132,216,133,215,138,214
479,253,472,252,469,250,437,251,436,254,421,254,419,256,406,257,401,259,395,265,390,265,386,270,381,271,373,276,371,279,370,284,365,285,366,308,368,309,368,315,370,316,371,321,376,321,377,324,380,324,383,326,383,331,393,332,393,338,403,338,404,340,406,341,406,355,421,355,422,352,427,352,427,349,429,348,430,352,431,352,432,355,448,355,454,350,455,348,465,340,468,340,473,339,475,336,479,336
479,250,436,250,435,253,420,253,418,255,405,256,400,258,395,264,390,265,385,270,381,270,373,275,370,279,366,280,366,283,365,284,365,305,365,308,366,308,368,310,368,315,370,316,370,326,374,327,374,330,376,333,377,337,386,337,386,342,396,342,397,350,400,354,403,355,421,355,422,352,431,352,431,355,448,355,454,350,455,348,465,340,468,340,473,339,475,337,479,337
479,250,436,250,435,253,420,253,418,255,405,256,400,258,395,264,390,265,386,269,381,270,366,280,366,283,365,284,365,305,365,308,366,308,368,310,368,315,370,316,370,330,374,330,375,332,376,332,377,337,386,337,386,342,396,342,397,350,400,354,403,355,421,355,422,352,431,352,431,355,448,355,454,350,455,348,465,340,468,340,473,339,475,337,479,337
58,307,59,323,63,325,101,325,104,325,106,322,106,311,103,306,100,305,64,305
0,305,0,329,58,329,65,324,65,307,63,306
189,317,189,328,186,330,184,334,184,348,186,351,192,355,204,355,220,354,225,350,225,337,229,330,229,319,226,314,213,311,195,312
39,324,36,326,33,331,33,339,31,346,31,359,30,369,31,392,34,400,38,405,51,405,56,400,59,390,60,361,57,355,55,347,55,330,53,326,50,325
465,371,456,373,454,375,446,398,446,413,451,423,451,468,452,472,453,494,454,495,455,505,457,510,463,513,475,513,479,512,479,371
209,547,208,580,207,580,207,596,208,597,210,602,212,603,215,606,217,606,218,608,228,610,243,610,244,612,256,612,258,610,286,609,286,607,288,606,290,602,298,594,301,586,301,564,298,555,291,547,290,547,289,545,283,540,280,540,271,536,232,536,228,540,214,540
0,544,0,606,13,606,15,605,26,605,55,601,61,594,63,588,64,561,61,554,56,548,48,544,45,541,41,540,21,540
61,608,58,603,53,601,39,601,33,604,21,605,0,604,0,627,58,625,61,620
208,544,207,555,207,578,206,579,206,597,200,600,198,604,198,624,201,630,205,631,269,633,290,631,296,625,298,622,298,602,296,599,299,595,302,588,302,562,300,554,292,545,291,545,290,543,284,538,281,538,272,535,231,535,227,538,215,538,211,540
