266,1,266,13,268,15,275,18,293,19,308,18,310,19,319,19,319,15,324,14,325,11,329,11,330,10,343,10,343,2,340,0,268,0
103,23,106,31,118,35,156,35,158,33,166,33,170,31,175,30,185,22,190,15,190,5,185,5,185,0,111,0,105,3,104,6
265,1,265,13,267,16,275,19,283,20,307,18,309,20,309,23,311,28,320,34,345,33,355,26,359,21,359,10,357,8,352,4,345,3,342,1,342,0,266,0
533,26,531,30,532,44,535,48,541,50,550,51,552,52,558,53,563,55,575,55,585,51,585,40,580,35,578,30,575,29,571,28,565,25,555,23,537,24
354,43,352,41,348,40,332,40,319,46,302,48,296,51,289,53,275,53,265,55,261,59,262,70,267,73,282,73,289,71,305,70,309,66,312,66,313,67,322,67,325,65,331,63,335,61,345,61,353,56
215,69,213,67,205,66,180,66,165,71,157,71,155,72,145,73,136,73,134,75,116,77,110,80,107,87,108,101,115,105,118,105,123,106,123,119,128,123,133,125,155,125,163,123,195,123,203,123,210,121,216,118,220,108,220,96,219,91,215,88
217,93,212,86,199,86,190,88,177,88,176,90,165,90,164,92,148,93,147,95,133,95,132,97,127,98,125,99,125,118,130,121,135,123,154,123,161,121,175,121,176,120,178,121,178,122,193,122,205,121,214,117,217,113,219,107,219,98
306,215,305,216,304,223,301,224,301,226,295,227,295,230,291,231,292,252,295,254,295,258,292,261,292,282,294,283,294,285,298,290,301,297,301,309,305,315,305,323,307,325,305,328,305,341,309,342,310,345,313,345,313,350,316,350,316,353,318,354,348,354,354,345,354,340,357,332,357,291,355,285,355,275,353,268,352,255,350,251,348,240,346,235,344,233,343,226,341,225,336,219,326,218,325,216,324,215
263,310,260,330,262,345,270,354,285,354,290,351,292,345,292,335,287,316,280,310
165,380,165,391,169,394,173,395,188,396,202,394,207,392,211,387,210,376,198,373,180,373,170,375
