122,0,123,18,125,19,126,21,165,21,170,20,173,18,172,10,170,8,163,6,163,1,160,0
115,0,114,6,111,10,112,17,117,20,125,20,130,18,130,8,129,5,129,1,127,0
540,19,538,23,538,40,542,46,544,46,551,50,560,53,598,52,610,49,620,42,625,40,626,38,630,35,631,31,634,30,635,13,632,12,631,5,624,0,560,0,548,8
111,35,113,36,140,36,140,34,142,31,150,31,155,28,155,16,126,16,121,23,115,24,111,26
120,0,121,20,120,22,114,23,110,25,110,31,108,33,109,57,113,60,133,60,138,61,160,61,172,60,174,48,180,47,186,45,186,35,183,32,159,31,156,30,158,22,167,22,172,21,175,19,174,8,171,6,165,5,165,0
110,25,110,32,109,34,110,57,114,60,134,60,139,61,170,60,173,58,174,48,180,47,186,45,186,35,185,33,179,32,159,32,155,30,157,29,157,18,155,15,125,15,120,23,115,23
109,34,110,56,114,59,134,59,139,60,169,60,172,58,173,47,180,46,185,44,185,35,184,33,178,32,158,32,155,31,112,31
110,41,110,56,115,58,158,60,168,59,171,57,171,40,166,40,162,39,112,39
365,30,361,33,359,41,359,128,383,128,385,87,390,80,391,73,390,48,387,34,380,30
110,86,116,90,120,91,148,91,151,92,164,92,170,87,170,83,171,81,181,80,181,71,170,68,150,67,116,68,112,70,112,76,110,78
0,107,0,130,7,131,21,131,30,127,33,120,33,113,30,108,21,106,6,106
315,194,315,201,316,201,316,210,320,210,324,212,378,212,383,209,385,206,384,193,380,189,376,188,329,189,322,190,316,194
212,199,212,209,214,210,215,213,222,218,231,220,246,220,251,219,280,217,285,216,315,216,325,211,325,193,322,193,318,190,312,189,281,190,270,188,245,188,225,190,220,191
571,226,571,235,577,237,601,238,606,234,606,225,600,223,577,223
562,228,560,231,559,265,563,269,571,269,575,267,575,265,576,229
515,256,507,261,507,271,512,276,526,277,530,275,534,271,533,260,530,256,527,256
215,329,215,336,220,340,250,340,254,338,256,336,256,329,254,326,249,325,222,325,217,326
476,339,475,350,479,353,488,355,501,355,507,353,512,349,512,341,507,336,490,335,483,336
